,Q (m3/s),Load (t)
2009-07-01,0.19672750391863048,0.0005383705927031396
2009-07-02,0.1912555926203668,0.000519315242773708
2009-07-03,0.18613206935342141,0.0005034630991125557
2009-07-04,0.18119507322473333,0.0004892082892655241
2009-07-05,0.17648028433708554,0.000476129960635875
2009-07-06,0.17189517842021818,0.00046366772080974714
2009-07-07,0.1673855188191602,0.00045152718125732064
2009-07-08,0.16300963356206072,0.0004398249265796666
2009-07-09,0.1587781174626969,0.0004285519663602616
2009-07-10,0.15507945087829259,0.000423342470402481
2009-07-11,0.15102407432129436,0.00041326062162895234
2009-07-12,0.1471276227966523,0.00040166471456855286
2009-07-13,0.14324210895584902,0.00038993220950829375
2009-07-14,0.1395067914258284,0.0003790776345595371
2009-07-15,0.13593938639754263,0.00036891414161131477
2009-07-16,0.13254275971808338,0.000359481925249955
2009-07-17,0.1292440306007411,0.00035048294157590855
2009-07-18,0.12604795766045246,0.0003418616018469595
2009-07-19,0.12290710635779162,0.0003334412339385035
2009-07-20,0.11992351896243025,0.0003254962127850796
2009-07-21,0.11767050553297452,0.00032759075066103816
2009-07-22,0.11451444325897163,0.00031500107646577336
2009-07-23,0.11147520437983578,0.00030534060274803527
2009-07-24,0.10867228566478797,0.00029690772935404196
2009-07-25,0.10603869044750548,0.00028932758472107774
2009-07-26,0.10351778739188967,0.00028230496148691855
2009-07-27,0.1010110305498802,0.00027544500869705683
2009-07-28,0.09638812481399227,0.0002653573503333984
2009-07-29,0.08990760917483585,0.00025168318812125343
2009-07-30,0.08174247323813538,0.00023414530893983276
2009-07-31,0.07239561040574602,0.0002123142375063577
2009-08-01,0.061712074798298086,0.00018444446819253774
2009-08-02,0.05149916425632876,0.00015674367977599118
2009-08-03,0.04303844918513555,0.00013229164575794433
2009-08-04,0.036443560682175954,0.00011127874181465284
2009-08-05,0.031776577914030754,9.565466509375255e-05
2009-08-06,0.02894275940926494,8.616825493395812e-05
2009-08-07,0.0269403809980472,7.923277060735484e-05
2009-08-08,0.025630093607571885,7.466884474176438e-05
2009-08-09,0.02484542014452967,7.198121172433002e-05
2009-08-10,0.024374221674599884,7.043081971843777e-05
2009-08-11,0.023966330286931133,6.91733099193163e-05
2009-08-12,0.023642327241982702,6.824408101483337e-05
2009-08-13,0.02338681035373957,6.754895033884092e-05
2009-08-14,0.02315150129318098,6.691659369344549e-05
2009-08-15,0.022967505160515548,6.644643312568513e-05
2009-08-16,0.02283871071839465,6.614087797321404e-05
2009-08-17,0.02266070004589723,6.566939371012562e-05
2009-08-18,0.02252373083088276,6.533163340757092e-05
2009-08-19,0.022370434236087276,6.493530113500479e-05
2009-08-20,0.02222352211451941,6.456027095591793e-05
2009-08-21,0.02208382967893833,6.420593452113105e-05
2009-08-22,0.02191344654718007,6.374649939635022e-05
2009-08-23,0.02175829002423647,6.333659227018871e-05
2009-08-24,0.02161746173925545,6.297752261245551e-05
2009-08-25,0.021528032329622717,6.277146926157734e-05
2009-08-26,0.02137021296280004,6.234284876663415e-05
2009-08-27,0.02123000238344557,6.197798943625283e-05
2009-08-28,0.02109152116548328,6.160949397041622e-05
2009-08-29,0.02109831346332884,0.0001529305455823426
2009-08-30,0.020990948081441415,0.00020656677907980364
2009-08-31,0.020886565611797785,0.00021232305922736834
2009-09-01,0.020932914581394853,0.0001914901949295204
2009-09-02,0.02799955137097608,0.000400500459273896
2009-09-03,0.0595598331257549,0.001999985730416956
2009-09-04,0.046554114957956715,0.0010875451160113538
2009-09-05,0.03886585181658743,0.0007343212936270612
2009-09-06,0.03196111013799805,0.0004952549576316394
2009-09-07,0.02712830561072718,0.00033958283629654715
2009-09-08,0.024100574289683947,0.00024121624746272004
2009-09-09,0.022260342754534628,0.00017849790225926143
2009-09-10,0.021113340999738203,0.00013775816374561804
2009-09-11,0.020237667401948243,0.00011039627616629565
2009-09-12,0.019649280840439282,9.226983555999853e-05
2009-09-13,0.01934484410971315,8.050580043167954e-05
2009-09-14,0.019070533203386402,7.235971064138343e-05
2009-09-15,0.01880259224759616,6.661482145706959e-05
2009-09-16,0.018624431564932552,6.276337956684559e-05
2009-09-17,0.018516591314461275,6.0201140762018274e-05
2009-09-18,0.01838642797339846,5.827397754429179e-05
2009-09-19,0.018289604486677585,5.694867530470797e-05
2009-09-20,0.01819657779715654,5.5963148064176716e-05
2009-09-21,0.018106352525320203,5.555187417476499e-05
2009-09-22,0.01806287770012185,5.507990920079241e-05
2009-09-23,0.017983076058482286,5.4534888524632786e-05
2009-09-24,0.017976312583120182,5.4304641791289954e-05
2009-09-25,0.03357172331343595,0.0005257117944524613
2009-09-26,0.03150626550885967,0.00038856794758257586
2009-09-27,0.03033371385789259,0.00033923838711428844
2009-09-28,0.026629082533090834,0.0002603954021533813
2009-09-29,0.023274609899463786,0.0001929942069431545
2009-09-30,0.021005039946790476,0.00014571319036316987
2009-10-01,0.019592026269815512,0.00011424489259614627
2009-10-02,0.018693550590828573,9.334972064571502e-05
2009-10-03,0.01813788525525051,7.9515855481748e-05
2009-10-04,0.017806448915690526,7.035869716330984e-05
2009-10-05,0.017582154391127775,6.417721007933454e-05
2009-10-06,0.017469219174866615,6.01369276223046e-05
2009-10-07,0.017401265457515462,5.742775843727674e-05
2009-10-08,0.017307332029973636,5.5435798890335924e-05
2009-10-09,0.017266209861254832,5.4170594883452575e-05
2009-10-10,0.01723507050021765,5.3294482470746557e-05
2009-10-11,0.01719716117521057,5.2652436386149625e-05
2009-10-12,0.01710923968367582,5.2020183557361395e-05
2009-10-13,0.01705849581334054,5.163536188145269e-05
2009-10-14,0.016971111821813926,5.1209584808713754e-05
2009-10-15,0.016916926504984105,5.093923414677918e-05
2009-10-16,0.016897782252378632,5.0807645579822e-05
2009-10-17,0.01686084112372318,5.0639804832876276e-05
2009-10-18,0.016864015711969646,5.062638015521494e-05
2009-10-19,0.019359089631617414,7.722298770901275e-05
2009-10-20,0.017526591341702525,5.76360579831275e-05
2009-10-21,0.01712736907245376,5.394739190520124e-05
2009-10-22,0.016922936402344317,5.2472646904312224e-05
2009-10-23,0.016821035679731408,5.159523056887218e-05
2009-10-24,0.016925690323810694,5.23875102790724e-05
2009-10-25,0.016869401630388928,5.227240162761184e-05
2009-10-26,0.016878246893566456,5.242396337682116e-05
2009-10-27,0.08895356214957871,0.0008435280503889319
2009-10-28,0.10502674124989228,0.0010383549308155475
2009-10-29,0.09424527879811005,0.0008867060824838331
2009-10-30,0.13220808376664786,0.0013557271341726495
2009-10-31,0.14586043138035215,0.0015203056652376055
2009-11-01,0.08449470067636085,0.0008660513273185763
2009-11-02,0.05623747881887009,0.0005618742798215413
2009-11-03,0.03924370786457623,0.0003657485128336978
2009-11-04,0.029425037250838365,0.00024328892273731506
2009-11-05,0.023922192922372406,0.00017080152276083838
2009-11-06,0.022997147220874873,0.00018500424814162601
2009-11-07,0.060565032706909626,0.0017138919581919639
2009-11-08,0.052541857820826494,0.001310920038377156
2009-11-09,0.22282378367196817,0.008418777445408743
2009-11-10,1.0491531830346166,0.037602382246444896
2009-11-11,1.7555398273983196,0.06158777519047502
2009-11-12,0.9015231245253327,0.02461181180932953
2009-11-13,0.5013684738647223,0.009943969139292548
2009-11-14,0.3560353142477071,0.004813041465459128
2009-11-15,0.288703761935195,0.0025387714382007283
2009-11-16,0.2563254744937925,0.0014956023028339994
2009-11-17,0.2399039910820492,0.0010412507364619772
2009-11-18,0.22809787064750597,0.0007427883922651198
2009-11-19,0.21976908534379058,0.0006046312053385909
2009-11-20,0.21287636499263932,0.00052866236427416
2009-11-21,0.2066114888847983,0.0004835393377176654
2009-11-22,0.20076462563484754,0.0004545635768695986
2009-11-23,0.19515501404821411,0.0004339694146575368
2009-11-24,0.20001382620687613,0.0008191737379481878
2009-11-25,0.18838056917779247,0.0005333012332822227
2009-11-26,0.18160873031230573,0.000463059190683993
2009-11-27,0.17596471380494447,0.00042218614043674455
2009-11-28,0.1705804700591075,0.0003937871842786532
2009-11-29,0.1656533040327523,0.00037379361098936645
2009-11-30,0.16096035680557555,0.000358527206705453
2009-12-01,0.15651024635843752,0.00034618880283538957
2009-12-02,0.15231469954839996,0.00033577803543975086
2009-12-03,0.14833511549604886,0.0003265960399799688
2009-12-04,0.21788630716844143,0.0011793924248204367
2009-12-05,0.24186987078473643,0.0016406426733680225
2009-12-06,0.18042103028634088,0.0009517605562031126
2009-12-07,0.154865243889139,0.0006530830207602433
2009-12-08,0.1403260098355282,0.0004868536411032721
2009-12-09,0.1313916251761772,0.00039030999516482303
2009-12-10,0.1253757397002127,0.0003337972235246827
2009-12-11,0.12093524507660793,0.0002998091054659603
2009-12-12,0.11724741611863035,0.0002781391077053501
2009-12-13,0.11394895557501641,0.0002633475742857889
2009-12-14,0.11106636549217097,0.00025300183836747336
2009-12-15,0.12648705713762642,0.0004557286212119378
2009-12-16,0.12403738700921343,0.0004509872316893402
2009-12-17,0.11693863806257825,0.0003977492061300164
2009-12-18,0.11466848630763915,0.0004125876536789119
2009-12-19,0.10740587088490616,0.00035541994769075583
2009-12-20,0.10042579409351143,0.00029544501345908473
2009-12-21,0.2761105213377638,0.0025277219445990202
2009-12-22,0.1560656979493632,0.001132684670785589
2009-12-23,0.12375878868460312,0.0007316982396528052
2009-12-24,0.10533958235631724,0.0005106097843204384
2009-12-25,0.0971039637905166,0.0004089680105816206
2009-12-26,0.08795255316841158,0.00030325739452201963
2009-12-27,0.09909714950279729,0.0004492014588391127
2009-12-28,0.22636511101310106,0.0021500032781267366
2009-12-29,0.586216669390833,0.007185307141041489
2009-12-30,40.19720853397961,0.45974477754811405
2009-12-31,24.561714681910402,0.2946024887113549
2010-01-01,16.88813336794029,0.23496314702545723
2010-01-02,13.151636573006906,0.1741649742640649
2010-01-03,7.446225552664839,0.09189659961589006
2010-01-04,4.04324351466029,0.04466474868381129
2010-01-05,2.3726510869843036,0.02188254370458517
2010-01-06,1.6195346221406157,0.011897284957436718
2010-01-07,1.3221438019271952,0.007945446294429627
2010-01-08,1.2552828515836094,0.0071426017347764855
2010-01-09,4.637277401829075,0.04801017184551332
2010-01-10,10.760318206800118,0.12816852030444592
2010-01-11,8.10894955912418,0.09330758803825573
2010-01-12,4.931474555979762,0.05136890673120203
2010-01-13,3.071951138906479,0.027597036374573926
2010-01-14,2.0913004140287708,0.01534352834147462
2010-01-15,1.5873969510913957,0.009176469560572342
2010-01-16,1.3244819377574801,0.006068467016131778
2010-01-17,1.1659440993553114,0.004271144245732117
2010-01-18,1.0780397599496785,0.0033784644498180442
2010-01-19,1.0219422672311447,0.002916722087878652
2010-01-20,0.9821057966888591,0.0026715580246766263
2010-01-21,0.9489799853728691,0.0025202510733906523
2010-01-22,0.9198501074165885,0.0024170503667292377
2010-01-23,0.8942790640884873,0.0023603498295099953
2010-01-24,0.9792157936522202,0.003613596896136261
2010-01-25,125.96139240718932,1.8104124544852584
2010-01-26,305.59301789406004,4.125919397254042
2010-01-27,96.47856989169065,1.3238294492029976
2010-01-28,42.32922464969795,0.603389450373465
2010-01-29,19.389139898047826,0.25817775788315445
2010-01-30,10.588207540705895,0.12736088777690133
2010-01-31,540.1313939755487,7.275771828260339
2010-02-01,104.53286242757133,1.5938414179090292
2010-02-02,67.60292906330145,1.138648978897576
2010-02-03,24.53508229810144,0.3910403863255449
2010-02-04,13.1821736001278,0.19257137049805448
2010-02-05,8.79099393658842,0.1161192451840714
2010-02-06,7.873173695071119,0.10214423733662298
2010-02-07,11.540415995743729,0.1717361335872026
2010-02-08,10.080721972524538,0.14550339672356857
2010-02-09,7.991028370520599,0.10701433599807647
2010-02-10,166.15375955600774,2.9049902584612175
2010-02-11,68.42512654299215,1.1608741571947745
2010-02-12,86.37208326070318,1.4844908844537086
2010-02-13,39.554602182598764,0.6531222454327307
2010-02-14,43.87332326248893,0.7370845056006561
2010-02-15,29.687773054442967,0.4758589627215687
2010-02-16,24.06540024775359,0.376101878731028
2010-02-17,47.002720902678746,0.7782118719061345
2010-02-18,256.68697068664756,4.4391080710806685
2010-02-19,63.84461059104918,1.0695660131508933
2010-02-20,45.964551649102866,0.7562117942304313
2010-02-21,112.88435655884962,1.924445763305689
2010-02-22,182.2230779929397,3.161761890882174
2010-02-23,54.008245682795895,0.8956933310001255
2010-02-24,33.729187670748466,0.5346586623289993
2010-02-25,19.202698227769606,0.28030698061616266
2010-02-26,44.19493225165209,0.7062890612223673
2010-02-27,79.3280938085208,1.3324934056097435
2010-02-28,101.2858223255155,1.7155230386378182
2010-03-01,236.0522470213247,3.8798483384794213
2010-03-02,61.427338380752275,0.9798319506816856
2010-03-03,40.98184466176909,0.6432237001219366
2010-03-04,20.66336387976785,0.29315737596045993
2010-03-05,13.474317806134401,0.1701066744693166
2010-03-06,9.742128238723112,0.10756484882386042
2010-03-07,7.527463831124474,0.07126258406164718
2010-03-08,6.117619148554423,0.048761883802320126
2010-03-09,5.46108120579275,0.03874921909708874
2010-03-10,4.754717236593294,0.028404654157160914
2010-03-11,4.354432584536349,0.022867263900456132
2010-03-12,4.127781508902426,0.020291019675637505
2010-03-13,3.861045542545918,0.01716284958736007
2010-03-14,3.702375288292035,0.01614575270453151
2010-03-15,3.530875246770318,0.014518082544524412
2010-03-16,3.292476478309111,0.011819927940100188
2010-03-17,3.1309132339118135,0.010268947020242837
2010-03-18,3.035800420061944,0.009809472384376938
2010-03-19,2.9154438402396807,0.00902355160330774
2010-03-20,2.8207444355273052,0.008560114302668531
2010-03-21,327.8401672342301,5.4281883062601155
2010-03-22,123.82483253391746,2.0254726349977714
2010-03-23,131.87311167446367,2.183469096508387
2010-03-24,46.10212161281526,0.7453954317464613
2010-03-25,27.70667921355544,0.4351746470372026
2010-03-26,15.650274047210736,0.2275860492531314
2010-03-27,10.006448732229842,0.1313411523075672
2010-03-28,6.998912426712899,0.08068431750085905
2010-03-29,5.319170931297036,0.052920796683308735
2010-03-30,4.338835192119211,0.03712395981328437
2010-03-31,3.5472000614551824,0.024703847161900872
2010-04-01,3.072483938756668,0.12987512666307433
2010-04-02,2.7664529992439095,0.11330393939241054
2010-04-03,2.57220536155091,0.08780245449326449
2010-04-04,2.419067690815262,0.057238235255706024
2010-04-05,2.5021537291936307,0.12924367958646063
2010-04-06,2.278283724573924,0.06433031805587289
2010-04-07,2.164159376859928,0.032663253625179474
2010-04-08,2.0682674305151383,0.01696243509791609
2010-04-09,1.9947746858727229,0.010651175194317547
2010-04-10,1.9308582605726632,0.00785419310313539
2010-04-11,1.8716334514885562,0.006502224702623467
2010-04-12,1.8153251309136489,0.005787532618097078
2010-04-13,2.072296159076777,0.14240632146659526
2010-04-14,1.8101096610127603,0.06346539479721558
2010-04-15,1.781785366968019,0.06257307957592302
2010-04-16,1.6623866247115444,0.03286116599547895
2010-04-17,1.5885106814828789,0.018511043354671467
2010-04-18,1.672309527637409,0.0722276554635282
2010-04-19,1.5252119613055832,0.032303591808779855
2010-04-20,1.485754770648784,0.03486212959292222
2010-04-21,1.4162969332416282,0.021388962816329005
2010-04-22,1.3605795958539115,0.012844450809269133
2010-04-23,1.372780176439422,0.0345487279051552
2010-04-24,1.2975698265075646,0.020945374595115505
2010-04-25,1.2565477003802588,0.017160250603154792
2010-04-26,1.2210402566028333,0.01798146903968013
2010-04-27,1.1685982713475758,0.009896602809367099
2010-04-28,1.1289344550545064,0.006108001232772704
2010-04-29,1.0920075792487078,0.00440727962508063
2010-04-30,1.0582180694427692,0.0036195461960457525
2010-05-01,1.0283396940225704,0.003280118348648276
2010-05-02,1.0846491152349074,0.006829149412844503
2010-05-03,1.0288603915774555,0.005761131286108525
2010-05-04,0.9697959964609424,0.004431094393574432
2010-05-05,0.9248113750310973,0.0034041414479198517
2010-05-06,0.891527844407089,0.0029858977603826452
2010-05-07,0.8613627227685723,0.002696296200141904
2010-05-08,0.8344208204002364,0.002518874513320407
2010-05-09,0.8530824350072429,0.004335843123232222
2010-05-10,1.1150193059772169,0.017483333876917518
2010-05-11,0.9358442991293761,0.01125720489731124
2010-05-12,0.8148859433995973,0.006069350036915737
2010-05-13,0.7510588613967962,0.003839329545791166
2010-05-14,0.7102661495425846,0.0028258302262624776
2010-05-15,0.6825118315637313,0.00233785965588108
2010-05-16,0.6602644404580124,0.002088159420096336
2010-05-17,0.6874876270926824,0.003983240147789386
2010-05-18,0.8657042572289214,0.01333473857960646
2010-05-19,0.7002536073969988,0.007103589394800306
2010-05-20,0.6364328456024653,0.004240103966834933
2010-05-21,0.5899038614162425,0.0028333665208703424
2010-05-22,0.5598274987552759,0.0021508940773209448
2010-05-23,0.5389060723508196,0.0018162191561205104
2010-05-24,0.5215577174146564,0.0016387462430828253
2010-05-25,0.5059354355263486,0.0015336226230240869
2010-05-26,0.49851712393540143,0.0018442606016781497
2010-05-27,0.4806036060820665,0.0016356116486190748
2010-05-28,0.46529159656670976,0.0014718453856713074
2010-05-29,0.45119793561168664,0.001372663810608086
2010-05-30,0.4377064808330321,0.0013052779074111042
2010-05-31,0.42504586339760114,0.0012550071624997973
2010-06-01,0.4134417297264572,0.0012311704554740944
2010-06-02,0.40145620501224627,0.001191235763275606
2010-06-03,0.4347274039686309,0.0031256883990219055
2010-06-04,0.4025120263537311,0.0023083928372310478
2010-06-05,0.3788645037146234,0.001641471465982978
2010-06-06,0.36396898247796333,0.001358057128800093
2010-06-07,0.3504363961590282,0.0011814622095534543
2010-06-08,0.3393626554291525,0.001073873767884255
2010-06-09,0.3293806941335918,0.001016332695267152
2010-06-10,0.31968408663462633,0.0009665261187977321
2010-06-11,0.31091131297790686,0.000927573727154128
2010-06-12,0.3020186956889211,0.0008937473635795194
2010-06-13,0.2935957137162173,0.0008647070525879106
2010-06-14,0.28555688321955225,0.0008387436666207285
2010-06-15,0.2841577537248717,0.0010688103953366745
2010-06-16,0.27435715323195187,0.0010066659221368351
2010-06-17,0.2654192612142132,0.0009030901605666268
2010-06-18,0.2568994456333257,0.0008251276231949365
2010-06-19,0.25115179395042714,0.0008326567962361399
2010-06-20,0.243058389541129,0.0007834860835658103
2010-06-21,0.23607771156457502,0.0007361395593788778
2010-06-22,0.2291097987996051,0.000696887079693639
2010-06-23,0.22433345553846906,0.0007336623079393218
2010-06-24,0.21812150746719045,0.000718143099679414
2010-06-25,0.28396202195523806,0.0038748950615569468
2010-06-26,0.23844906722047926,0.002366283721390606
2010-06-27,0.2188511200438959,0.0015720930277770004
2010-06-28,0.20338716581770297,0.0010967440201357132
2010-06-29,0.193873155693323,0.0008690100896111959
2010-06-30,0.1861518391227042,0.0007131176279208643
2010-07-01,0.18059959605714984,0.0006238393199221729
2010-07-02,0.1753786369425876,0.0005673941814704698
2010-07-03,0.1705339730112411,0.0005298807138492509
2010-07-04,0.16586104138132463,0.0005030612746897649
2010-07-05,0.161380069076293,0.00048257167123765866
2010-07-06,0.15717506826630676,0.00046616698568551987
2010-07-07,0.15311045982229157,0.00045198672226900093
2010-07-08,0.15413283166954678,0.0004962604561078684
2010-07-09,0.14986154983290131,0.0004881325699041164
2010-07-10,0.14399614315000814,0.00044917708804111665
2010-07-11,0.17978274972858296,0.000948422854269831
2010-07-12,0.15403601213870907,0.0006940508148531143
2010-07-13,0.14195007835742812,0.000558603634954113
2010-07-14,0.14091775008959906,0.0005611909338676326
2010-07-15,0.13072364760045632,0.0004677665924637452
2010-07-16,0.12505047958899462,0.0004177127878909677
2010-07-17,0.12089841858476566,0.00038858468698371035
2010-07-18,0.11698960364773764,0.00036548529309972665
2010-07-19,0.11406422005541114,0.0003513062824356965
2010-07-20,0.11185836693353526,0.00034749091772182794
2010-07-21,0.10878626925016371,0.0003361134938295783
2010-07-22,0.10558135691904584,0.00032252911356609197
2010-07-23,0.10132815389807215,0.000307264854595207
2010-07-24,0.0947182004515742,0.0002866697058306151
2010-07-25,0.08825444763647813,0.0002778073104955573
2010-07-26,0.08124727915589663,0.0002644004274822462
2010-07-27,0.07898161434941431,0.0002980232202491578
2010-07-28,0.0789597898241877,0.00037890060686991114
2010-07-29,0.07388551376780775,0.00041963810551708813
2010-07-30,0.05685276245697757,0.0003001531151537892
2010-07-31,0.04557846233706214,0.00022370188093470784
2010-08-01,0.03799609464488996,0.00017136305422197983
2010-08-02,0.03303860496756547,0.0001358093149860633
2010-08-03,0.030045029052490315,0.00011292030163944648
2010-08-04,0.028269144055583464,9.833094804383817e-05
2010-08-05,0.027324953963445465,8.940380933828508e-05
2010-08-06,0.026594205960206632,8.314941578963497e-05
2010-08-07,0.026068393295826806,7.895504931634822e-05
2010-08-08,0.025694943685292376,7.617698017058189e-05
2010-08-09,0.025417189823760615,7.431052188265562e-05
2010-08-10,0.03010627488100453,0.00029461053284050387
2010-08-11,3.6803102322221384,0.1918885347785314
2010-08-12,1.2624481110204637,0.06032322854289669
2010-08-13,1.1613877685669598,0.03458164343993282
2010-08-14,0.7357679637802168,0.01630069827262421
2010-08-15,0.46684595000148715,0.0074174615216323165
2010-08-16,0.35763952754554934,0.0038416994663594767
2010-08-17,0.3114445759988786,0.0022841951862833682
2010-08-18,0.2896520611064331,0.001557922371156997
2010-08-19,0.27637094102145304,0.0011966457402826946
2010-08-20,0.2664896850015435,0.001006999869934699
2010-08-21,0.26696631795090797,0.0013614915246939843
2010-08-22,0.2541351573544698,0.0010688518349525463
2010-08-23,0.24499683391940916,0.0009051734492376362
2010-08-24,0.23749738485079863,0.0008160769986284588
2010-08-25,0.23186848716844446,0.0008014147030546052
2010-08-26,0.23020717353423703,0.0009427383134717169
2010-08-27,0.28098624312784776,0.004152658531761331
2010-08-28,0.2430607100899677,0.002725252758508667
2010-08-29,0.22431621968098542,0.0017859442158269017
2010-08-30,0.22902271775504934,0.002127167418550642
2010-08-31,0.21905579075901938,0.001993761884316562
2010-09-01,0.20271023172113872,0.0013832287142840354
2010-09-02,0.19211171054753906,0.0010195221600465402
2010-09-03,0.1837603409485267,0.0008051525897827574
2010-09-04,0.17825388646047247,0.0006942010865040564
2010-09-05,0.1752988914356124,0.0006933348195896806
2010-09-06,0.17081112777600294,0.000627088070127598
2010-09-07,0.17225235226019228,0.0007221165128016503
2010-09-08,0.183155785729992,0.0010209321116771996
2010-09-09,0.16756666143697183,0.0007971246299319364
2010-09-10,0.15840704092840033,0.0006743051744297636
2010-09-11,0.15058363790305898,0.0005805114463011278
2010-09-12,0.14443399261541107,0.0005168602412576921
2010-09-13,0.13949375086335566,0.00047507033543169004
2010-09-14,0.1353310466403751,0.0004468328303997738
2010-09-15,0.1315601464321477,0.000426295907081531
2010-09-16,0.12815799419124552,0.0004106172251839387
2010-09-17,0.124998066749891,0.00039781513350990104
2010-09-18,0.12190763210096363,0.0003863894930744851
2010-09-19,0.11866147403363778,0.00037504613761736144
2010-09-20,4.5840560896539,0.08399095992154353
2010-09-21,7.649438315393454,0.14589328551905834
2010-09-22,3.240251399888265,0.05568067084182978
2010-09-23,2.4310002286244456,0.03756050011634442
2010-09-24,1.338112909839669,0.016849370818802254
2010-09-25,0.9724401817385925,0.009354631399173169
2010-09-26,4.0420766693472245,0.06545909732335396
2010-09-27,2.8809656396183243,0.04276366861166953
2010-09-28,1.812373233360267,0.02358955834697399
2010-09-29,1.315957878461965,0.015181881932620649
2010-09-30,20.713380319866562,0.42274429571303607
2010-10-01,14.67377494405013,0.8744628871146464
2010-10-02,8.018285893957144,0.501020586983653
2010-10-03,4.340800515996822,0.24677540844031506
2010-10-04,2.560252803163335,0.12127865412041715
2010-10-05,1.7219889539926327,0.061787062073720395
2010-10-06,1.3039629455214026,0.03243900285510356
2010-10-07,1.0837684415750122,0.017540272762612965
2010-10-08,0.9618256602056207,0.009905751576849194
2010-10-09,0.8894117610786914,0.006003246687849721
2010-10-10,0.8422186584044662,0.003997355416004975
2010-10-11,0.825216080523385,0.0044189644989446365
2010-10-12,0.8309049729473127,0.007418343591023138
2010-10-13,1.1545045066297226,0.037066993732494134
2010-10-14,0.8873250973811897,0.019481051698467505
2010-10-15,0.850841248944263,0.015803896000349333
2010-10-16,0.840548250919234,0.01642666889639025
2010-10-17,0.7238825843905514,0.008281605918035112
2010-10-18,0.6743912196707466,0.004750588403051791
2010-10-19,0.6401967196172518,0.0030258529238924633
2010-10-20,0.6161347823600055,0.0022220216616784102
2010-10-21,0.8268431829985482,0.02129520871158026
2010-10-22,0.8014067409357786,0.022931481975357756
2010-10-23,0.6548399823596114,0.011777812911409896
2010-10-24,0.5873155599807873,0.006327817041150297
2010-10-25,0.5457716639439697,0.0036247502566685266
2010-10-26,0.5198810506844599,0.002362727937279355
2010-10-27,0.5010733684910524,0.0017746062754609695
2010-10-28,0.48533884072250466,0.0014896411736762024
2010-10-29,0.470946197420935,0.0013402067428162582
2010-10-30,0.4572421258570488,0.0012521343798721678
2010-10-31,0.44435291669533367,0.0011937102200444622
2010-11-01,0.43227892587567224,0.00115613612977606
2010-11-02,0.4761017009510898,0.002077588839925035
2010-11-03,0.42960064357980027,0.0014894652231504813
2010-11-04,0.5526627703569847,0.0036825310008026203
2010-11-05,0.625630197540677,0.0052689381276854125
2010-11-06,0.47404526273144043,0.0029165739013009536
2010-11-07,0.41285162535496117,0.001944595089522054
2010-11-08,0.7036046993448856,0.006904809092677272
2010-11-09,0.5236758548723531,0.004249356239941317
2010-11-10,0.629955850629871,0.006216070498772559
2010-11-11,0.7573144753698386,0.008641431226489062
2010-11-12,0.5613513659738439,0.0052843052312029175
2010-11-13,1.5828013941478902,0.02287263481196333
2010-11-14,0.8035695905304909,0.009279252886499691
2010-11-15,4.17747660338567,0.0680873850687744
2010-11-16,8.919757104741914,0.15735758270717798
2010-11-17,4.258197004046754,0.06932414679710186
2010-11-18,2.491298767369516,0.03646766249434721
2010-11-19,11.686940624235072,0.20549315031889429
2010-11-20,100.74604052302182,1.8198976528768864
2010-11-21,102.94225121175596,1.877491119443601
2010-11-22,94.83083452166355,1.7139589735579062
2010-11-23,72.38860456524021,1.3050181593084802
2010-11-24,82.51662230676628,1.4737302195041266
2010-11-25,36.070731290881724,0.6250185663448652
2010-11-26,22.584297744219676,0.3754684445027655
2010-11-27,13.721649666632294,0.2122473738357071
2010-11-28,8.948371575181428,0.12467753468073833
2010-11-29,6.449486076192255,0.0793367578436366
2010-11-30,38.394069173328624,0.6593313812254634
2010-12-01,178.09223999385807,2.965056299149683
2010-12-02,52.62636046233229,0.8475247902782841
2010-12-03,377.6594169002809,6.276301385336788
2010-12-04,76.84171262951335,1.2592430409581448
2010-12-05,50.08190548733751,0.824221383083175
2010-12-06,24.292011680252255,0.36951302123627305
2010-12-07,55.843847867696624,0.8940403625215743
2010-12-08,34.01186322197025,0.5247597355576071
2010-12-09,23.658234605548333,0.34933537980869755
2010-12-10,16.024668211470807,0.22116489119092722
2010-12-11,11.237986570286873,0.14135348584411236
2010-12-12,8.648732009624483,0.0983449032826264
2010-12-13,13.917244293777273,0.18049052812089075
2010-12-14,13.06281525502597,0.17027762816448122
2010-12-15,10.922643448736014,0.13567719413622434
2010-12-16,7.9927096487597264,0.08930805409146851
2010-12-17,6.051985975965244,0.05853128756924956
2010-12-18,4.823794461931157,0.03923602271830161
2010-12-19,4.114730966876777,0.028448745803487177
2010-12-20,4.596098614064893,0.035619465536654946
2010-12-21,9.213698412020905,0.10962284569916958
2010-12-22,9.064959873651315,0.1131672215041207
2010-12-23,9.84425887011366,0.12779820506974943
2010-12-24,90.9878192035917,1.4937873058920574
2010-12-25,183.5179319434651,3.0361324618438235
2010-12-26,516.5734864687664,8.631980957878966
2010-12-27,131.28706769869834,2.192867820944114
2010-12-28,138.26891058702984,2.3011139706164268
2010-12-29,52.979036821292226,0.8505389618497727
2010-12-30,169.63152802520383,2.762256841394854
2010-12-31,49.38113276908809,0.7802938790290418
2011-01-01,33.576139331880185,0.6213927692977459
2011-01-02,18.84539638260099,0.34687772208254086
2011-01-03,39.285871533854134,0.801737443504925
2011-01-04,35.86421392126464,0.7313448537310235
2011-01-05,40.486689963350216,0.8164310210070708
2011-01-06,35.34199850218668,0.7193767557033595
2011-01-07,76.79634349023368,1.6849362416127802
2011-01-08,36.69760285374948,0.7815579958283374
2011-01-09,25.040744608090996,0.49791956761011397
2011-01-10,16.79233697570121,0.30962664834980924
2011-01-11,11.85117511254907,0.1968600684476843
2011-01-12,8.943636214845126,0.13086105225049208
2011-01-13,11.435292011670425,0.19166038378574074
2011-01-14,12.207373278654375,0.21226797615077986
2011-01-15,10.868150084862366,0.18135266797960348
2011-01-16,8.589397495609251,0.12878596344944238
2011-01-17,6.652728496238271,0.0857432713915324
2011-01-18,5.346885681116811,0.0576360340932493
2011-01-19,19.3588223877093,0.31411103060237167
2011-01-20,15.113605316462973,0.25553570388770713
2011-01-21,15.854353495015422,0.2685358454710268
2011-01-22,10.14518248622495,0.15631002173914615
2011-01-23,7.141076021677336,0.0960675007398524
2011-01-24,5.3969523997027835,0.06119388225174807
2011-01-25,4.342594000396589,0.040485707269545264
2011-01-26,3.6655833096585533,0.02768834938869346
2011-01-27,3.2256869256111917,0.019744554996166404
2011-01-28,2.928842958062157,0.014757098099304209
2011-01-29,2.7212389299458244,0.011614855432355234
2011-01-30,2.571639833354223,0.00967295910076982
2011-01-31,128.8336112433106,2.8560529754794954
2011-02-01,48.90079886259592,0.9192425437673527
2011-02-02,37.19239400099722,0.640463876779011
2011-02-03,111.5219060531273,1.9177062246343064
2011-02-04,45.68829809756076,0.7682890363071047
2011-02-05,30.76856759646543,0.5044336963796824
2011-02-06,38.28108505345231,0.6293642108181003
2011-02-07,27.167618299690133,0.4339821309822671
2011-02-08,21.044642346659796,0.32550841604183356
2011-02-09,13.404160698307907,0.19257252673339598
2011-02-10,9.254877424894325,0.12063385568451855
2011-02-11,33.81655188600747,0.5413488529954306
2011-02-12,28.300523326789726,0.4529067772974703
2011-02-13,28.653827202423056,0.4555934528159626
2011-02-14,22.380340508638362,0.3457281454345449
2011-02-15,17.24937591892485,0.25432978624033653
2011-02-16,25.450261727312,0.3941339801437877
2011-02-17,22.209316882757932,0.3396646479587799
2011-02-18,16.883648194263003,0.2455945087585542
2011-02-19,11.882009306502624,0.1599532791262066
2011-02-20,10.192590781139387,0.1324456893038917
2011-02-21,7.901507713036216,0.09477606763235275
2011-02-22,5.987114626465995,0.06182235263721971
2011-02-23,9.52318601378895,0.11876037585186981
2011-02-24,9.447041997520689,0.12017651864438952
2011-02-25,7.341672914490261,0.08540772487213971
2011-02-26,5.578657316133047,0.05644053607494277
2011-02-27,4.418399631667628,0.03768380683348269
2011-02-28,3.6524145286226783,0.02559372999078672
2011-03-01,6.514333749077808,0.05319518845032818
2011-03-02,5.90707150807109,0.04678758983358316
2011-03-03,4.723217333903503,0.03397713596010297
2011-03-04,3.8816600369375163,0.025022774364568626
2011-03-05,3.3587926930803285,0.01984809139106569
2011-03-06,2.9121954638111522,0.014961808236804002
2011-03-07,7.615159563544777,0.07126932640645921
2011-03-08,8.617515176337141,0.08503920333804114
2011-03-09,8.26144603184668,0.0825327532449798
2011-03-10,6.179524899566096,0.058156688200848836
2011-03-11,4.494487797203464,0.03772433450804888
2011-03-12,7.802979087279444,0.07951497918484232
2011-03-13,26.44946115036563,0.3127660046553127
2011-03-14,170.18004806321474,2.1705496609607877
2011-03-15,507.90022391607306,6.648915303711101
2011-03-16,123.76149212761788,1.6144512111736022
2011-03-17,66.9869247097911,0.9725007053503733
2011-03-18,27.504806211903638,0.3561833474763749
2011-03-19,15.558367006942486,0.17893905717549616
2011-03-20,13.7757884871596,0.15450223597397808
2011-03-21,17.419801340086405,0.20293938167349818
2011-03-22,16.47305367595644,0.19181662165521757
2011-03-23,20.777693354409273,0.2521178294951612
2011-03-24,16.519595566252256,0.19379796491992277
2011-03-25,118.47998711142458,1.5626978684357269
2011-03-26,128.22401384287494,1.617666935694224
2011-03-27,42.79876021731724,0.5241841838396656
2011-03-28,39.94465909062764,0.47632035068901746
2011-03-29,94.42283733435339,1.1748778640974347
2011-03-30,162.53171884706904,2.0674310519935792
2011-03-31,342.11551867206344,4.499729017476348
2011-04-01,86.35779756113793,1.1974269699699498
2011-04-02,194.5411712450087,2.919334017366461
2011-04-03,61.16584409143762,0.8808328928071271
2011-04-04,59.45909574440319,0.8623718798755854
2011-04-05,34.50006932433435,0.47410519918045463
2011-04-06,24.000693459857608,0.31399724482752595
2011-04-07,16.25383814087964,0.1958330768821997
2011-04-08,11.857769301186496,0.12936306234690306
2011-04-09,8.795812438927387,0.08388003409309894
2011-04-10,7.014220994991792,0.05773926271397516
2011-04-11,5.766650630165,0.04003144234072423
2011-04-12,4.970166948875333,0.029019083159356647
2011-04-13,4.433034256073406,0.021997773079389098
2011-04-14,4.055342271802847,0.01740285597315715
2011-04-15,3.7840371627135108,0.01442231939964322
2011-04-16,3.578358149155735,0.01245463366996603
2011-04-17,3.4153244985419433,0.011133554464894061
2011-04-18,3.397456920117935,0.011834346294115488
2011-04-19,3.5773213405466535,0.015595738575519857
2011-04-20,3.175697237732763,0.011250489115957836
2011-04-21,3.022271380595784,0.009604618245138379
2011-04-22,2.885657368230079,0.008733416046104036
2011-04-23,2.7831293058287265,0.00822926435054898
2011-04-24,2.7041514472108465,0.007995945138530233
2011-04-25,2.6164026711165875,0.0076622904348861666
2011-04-26,2.548143673809233,0.007506140323011571
2011-04-27,2.48775251745926,0.007492262114440607
2011-04-28,2.4037246289415752,0.0071723271120405375
2011-04-29,2.3274826543550677,0.006874930400327011
2011-04-30,2.2499327164646186,0.006573217569027932
2011-05-01,2.181165548679285,0.006335183688795142
2011-05-02,2.114711719910289,0.0061254982590213895
2011-05-03,2.053565359182107,0.006018466632057738
2011-05-04,1.9909829266019194,0.0058044883889405464
2011-05-05,1.9317439563890015,0.005605063199977602
2011-05-06,1.8741576832648499,0.005425829107729096
2011-05-07,1.8669146307299478,0.007706673049460654
2011-05-08,1.790630876703673,0.006739123406235907
2011-05-09,1.788605621992433,0.008807982205630982
2011-05-10,1.6882228630983664,0.006599547247917219
2011-05-11,1.6239900434674328,0.005379620451049613
2011-05-12,1.5702130797249767,0.0048624540660854665
2011-05-13,1.5196921882283456,0.0045363764814275835
2011-05-14,1.4737260844504096,0.004321180197271356
2011-05-15,1.4295414819923558,0.0041589675224640785
2011-05-16,1.3886962595612033,0.004113038736960804
2011-05-17,1.3579402562580354,0.004673402567028818
2011-05-18,1.311802911265583,0.004222812029769219
2011-05-19,1.2867706510787815,0.004814396460513029
2011-05-20,1.2722981523815544,0.0055677769200810304
2011-05-21,1.254181089990871,0.006564133493003604
2011-05-22,1.1869463933380686,0.005154514494768115
2011-05-23,1.288562360676803,0.011000882067416827
2011-05-24,1.5062852868142715,0.023581320314404082
2011-05-25,1.2079051121597846,0.012769685020219971
2011-05-26,1.098694168246712,0.0076433427089190285
2011-05-27,1.0224653343920314,0.00479110311408939
2011-05-28,0.976682238529873,0.0035700309055920294
2011-05-29,0.9427732053159796,0.003035520177592034
2011-05-30,0.9144815479637447,0.0028115315524860516
2011-05-31,0.8867196459426242,0.0026493505215085342
2011-06-01,0.8606792732116362,0.002530139275174423
2011-06-02,0.8351911771325049,0.0024354207836855255
2011-06-03,0.8111921618518321,0.0023844914661647963
2011-06-04,0.7885196074952174,0.0023491482819657
2011-06-05,0.7651793386919589,0.0022610070596769
2011-06-06,0.784157505430124,0.0038659069329961097
2011-06-07,0.744715474181239,0.003274030261826384
2011-06-08,0.7092363434552078,0.002546079518700304
2011-06-09,0.6837841520795446,0.0022067425993177138
2011-06-10,0.6619118398367949,0.002048222098161504
2011-06-11,1.0106833530312658,0.01777178416244273
2011-06-12,1.070476377830877,0.02309643153949047
2011-06-13,0.7871964584521541,0.011406080908871918
2011-06-14,0.6734287704704974,0.006218519085838356
2011-06-15,0.6030233910313006,0.0037118514099712795
2011-06-16,0.5649965228127561,0.0025507180144886668
2011-06-17,0.5424995128051165,0.002045108221784312
2011-06-18,0.5236662938608864,0.0017576807522379193
2011-06-19,0.5082219439011483,0.0016184944353975534
2011-06-20,0.49279607759989413,0.0015077994187736236
2011-06-21,0.479672851688717,0.001470071034683625
2011-06-22,0.4651760737843624,0.001401871711605199
2011-06-23,0.4517376868713405,0.0013399775280722175
2011-06-24,0.43853647887114905,0.0012876252351574835
2011-06-25,0.42591628781485336,0.0012433557032311708
2011-06-26,0.42905849182751776,0.0018989344005132382
2011-06-27,0.41198678080633244,0.0016921492098817949
2011-06-28,0.4430560136135619,0.0032872597073678954
2011-06-29,0.49170770355942583,0.0061370702947989315
2011-06-30,0.47992303483554544,0.00647910807793909
2011-07-01,0.4106191308989498,0.003850373749116345
2011-07-02,0.37539217999126595,0.0024823839075562553
2011-07-03,0.3750872879094991,0.00246688641245435
2011-07-04,0.3476589304023937,0.0018486125147390462
2011-07-05,0.3306125238096296,0.001434770402889352
2011-07-06,0.3163437046344009,0.0011733007672060927
2011-07-07,0.34758908083330226,0.002220100590760873
2011-07-08,0.3117578534198146,0.0015399401134927777
2011-07-09,0.2931710415035842,0.0011593010388913983
2011-07-10,0.2820536258960315,0.000994032293430753
2011-07-11,0.27210918850321075,0.0008862177652960277
2011-07-12,0.26392101755887676,0.0008170848467672491
2011-07-13,0.2562410598190514,0.0007703761688389417
2011-07-14,0.24900101204182692,0.000736705989018543
2011-07-15,0.24219571197944048,0.0007105136677383098
2011-07-16,0.3129202947402607,0.0029906082431558536
2011-07-17,0.28047724108201966,0.002560092824046966
2011-07-18,0.2551295961183146,0.001844881905786008
2011-07-19,0.23448917853800494,0.0013252171264996216
2011-07-20,0.21970357332592744,0.0010108437186878091
2011-07-21,0.20948006579215278,0.0008173906832619018
2011-07-22,0.20186306795033454,0.0007014486048981747
2011-07-23,0.19536148998922367,0.0006303669223939868
2011-07-24,0.18963771317571038,0.0005852312944324879
2011-07-25,0.18438864172228364,0.0005545429363243593
2011-07-26,0.17942072410649423,0.0005317739224308665
2011-07-27,0.17585846699867233,0.0005438355578416093
2011-07-28,0.16951212197551277,0.0005255044147648928
2011-07-29,0.16388782976186506,0.0005361951627207599
2011-07-30,0.15613798896293152,0.0005042172374468832
2011-07-31,0.148614403644981,0.0004719610443720147
2011-08-01,0.14112184210481107,0.000444259370064378
2011-08-02,0.13385706355843033,0.00042119680622084576
2011-08-03,0.12682492116772015,0.00040147453906958777
2011-08-04,0.13135189982228082,0.0006470136565609023
2011-08-05,0.1534513593275421,0.0013879880799285696
2011-08-06,0.14310079058414082,0.001352326967036133
2011-08-07,0.12232036878891009,0.0009819361318897184
2011-08-08,0.1079746163724899,0.0007317530195841009
2011-08-09,0.09561571392054961,0.0005545162689375209
2011-08-10,0.08565430955580035,0.0004383708063051287
2011-08-11,0.07725825236814203,0.00036175284461507505
2011-08-12,0.06908441589635334,0.0003051099285757022
2011-08-13,0.06253165848986529,0.0002647799609177136
2011-08-14,0.057570823738495654,0.00023608792888297152
2011-08-15,0.05262237517625719,0.00020916980776629658
2011-08-16,0.047151806405072876,0.00018060292644550297
2011-08-17,0.04204554162314221,0.00015409395498082432
2011-08-18,0.03855850502660653,0.0001442061910867617
2011-08-19,0.03451425086760805,0.0001259940015714267
2011-08-20,0.03169475216162028,0.0001101006655435317
2011-08-21,0.029804191097686828,9.815322467006529e-05
2011-08-22,0.02863454624504512,9.004001084291677e-05
2011-08-23,0.02983072298950327,0.0001262173830428792
2011-08-24,0.030413650662715654,0.0001518765288232927
2011-08-25,0.02863631576213965,0.00012178916241826579
2011-08-26,0.04466162070055979,0.0004860871394117798
2011-08-27,0.052124607756114764,0.0007191081636293716
2011-08-28,0.06658791549648771,0.001156346764958346
2011-08-29,0.4409694248525993,0.011597027101099557
2011-08-30,0.23348974793543373,0.006163946433336261
2011-08-31,0.20324117807215605,0.00530120386608136
2011-09-01,0.12043915569210797,0.003305022609499703
2011-09-02,0.07806020710868443,0.001946943247964152
2011-09-03,0.06373359440243663,0.0027557913398572648
2011-09-04,0.04831863251091107,0.0029883437235715096
2011-09-05,0.038376229882697045,0.0015983263274727438
2011-09-06,0.03729351171800391,0.0029241825279757213
2011-09-07,0.03183676544606971,0.0012256852405556392
2011-09-08,0.02846063067122726,0.0007830654047279925
2011-09-09,0.026565110519684666,0.000540657967231349
2011-09-10,0.02531021152550753,0.00037991306863957987
2011-09-11,0.024535525707449907,0.0002741076193141102
2011-09-12,0.024039021286857656,0.00020433350121807956
2011-09-13,0.02362350998471806,0.00015787644137788188
2011-09-14,0.023355999296780845,0.00012722810594565653
2011-09-15,0.023042311773484297,0.00010645819870689621
2011-09-16,0.022803396296149393,9.262994234932686e-05
2011-09-17,0.022598727227335906,8.331374820068368e-05
2011-09-18,0.0224533585834627,7.710608468013659e-05
2011-09-19,0.022262676375588666,7.268074502800204e-05
2011-09-20,0.022042084912583672,6.950446240949449e-05
2011-09-21,0.021812896532974607,6.723651860854888e-05
2011-09-22,0.02158956986292336,6.562704706564752e-05
2011-09-23,0.02138567775536741,6.432640659976035e-05
2011-09-24,0.021232856704765338,6.342509829632137e-05
2011-09-25,0.02106441814303064,6.262760879003945e-05
2011-09-26,0.020893726862664122,6.193210776311565e-05
2011-09-27,0.02043497527015375,6.0625389243891584e-05
2011-09-28,0.019967573970283644,5.9399043928934985e-05
2011-09-29,0.01958159467736492,5.8423206201304024e-05
2011-09-30,0.01932118244275768,5.7802126520994405e-05
2011-10-01,0.024749402174464193,0.0001632720707438365
2011-10-02,0.019980812829462274,7.393011257044184e-05
2011-10-03,0.01936338761972314,6.553538919927473e-05
2011-10-04,0.01904057141832527,6.216565653513385e-05
2011-10-05,0.01884206270153575,5.9860123618043834e-05
2011-10-06,0.018769816015936983,5.847463070880516e-05
2011-10-07,0.01854391437683581,5.699479968916127e-05
2011-10-08,0.01838228314756831,5.6030651840848426e-05
2011-10-09,0.018226888567797445,5.5262669905525665e-05
2011-10-10,0.01821819656969986,5.509046917527789e-05
2011-10-11,0.01814895937076784,5.475348970088681e-05
2011-10-12,0.023820142110202683,0.00016568643067826772
2011-10-13,0.019221661662085953,7.132591647203385e-05
2011-10-14,0.12367773710663801,0.0017461065628761542
2011-10-15,0.07941578408097683,0.0010016556432232392
2011-10-16,0.058486903155108454,0.0006829884664341409
2011-10-17,0.042653178688185675,0.00044913225620258436
2011-10-18,0.491303057761571,0.008475309836060565
2011-10-19,0.23993991654623487,0.003813118590586585
2011-10-20,0.14097583290117782,0.0020567864659837547
2011-10-21,0.09256633246710035,0.0012740545099887814
2011-10-22,0.05843797452488536,0.0007244468185102078
2011-10-23,0.05415041721304491,0.0006628333605829415
2011-10-24,0.045806987241457764,0.0005292058922304792
2011-10-25,0.03476090990976051,0.0003467449496238134
2011-10-26,0.028064179454012277,0.00023974440644266743
2011-10-27,0.023985737557105802,0.00017408107054649486
2011-10-28,0.021820568693914476,0.0001387799932519142
2011-10-29,0.019957569008334487,0.00010765302666501363
2011-10-30,0.01889346520798396,8.92097536753273e-05
2011-10-31,0.018219445578014668,7.691711015651753e-05
2011-11-01,0.018580716823084556,7.658689404925348e-05
2011-11-02,0.029366931318299927,0.0002057103490750397
2011-11-03,0.022286195267418082,0.00011919055890306175
2011-11-04,0.02025699407167336,9.50197277505746e-05
2011-11-05,0.019035321819911164,8.048041431600918e-05
2011-11-06,0.018392189701113087,7.089163872352624e-05
2011-11-07,0.01781404076868427,6.383122757122036e-05
2011-11-08,0.01746615822648091,5.927298713518732e-05
2011-11-09,0.03852635119245,0.00029275034648139223
2011-11-10,0.046318319841164204,0.00035622199527872856
2011-11-11,0.039045646524085514,0.0002934285165026881
2011-11-12,0.03298638564437121,0.00024126303382919525
2011-11-13,0.027288925355969017,0.00018382480190960517
2011-11-14,0.02324171601855203,0.00013943547551837694
2011-11-15,0.02062975296493294,0.00010900472873731412
2011-11-16,0.033209628514147216,0.000237444839764941
2011-11-17,0.03210594612382664,0.00023229575834754024
2011-11-18,0.030913170897932125,0.00023091885024065283
2011-11-19,0.026643287775694503,0.00018734694492049866
2011-11-20,0.06713335674758499,0.0006586564309450477
2011-11-21,0.04724262486095907,0.00041639464504910305
2011-11-22,0.05739268891725262,0.0005474968444110463
2011-11-23,0.2264056298234147,0.002623483136899227
2011-11-24,0.12535045784008417,0.0013675437158658888
2011-11-25,0.10398458625655137,0.001144727944208332
2011-11-26,0.08137806353439203,0.0009003141696427636
2011-11-27,0.050265533160227256,0.0005080587826496492
2011-11-28,0.03490707188956864,0.000310760203003341
2011-11-29,0.03254333860179399,0.0002712290543420842
2011-11-30,0.0400583905994808,0.00035958766957053603
2011-12-01,0.37372582208384775,0.006239111254864624
2011-12-02,0.2714479327838963,0.004598051234609464
2011-12-03,0.4101750525119428,0.007467205903381891
2011-12-04,0.19883936941425587,0.0034487849077464573
2011-12-05,0.1857341197630629,0.003148257629462048
2011-12-06,0.10613669982823722,0.0016596419877223728
2011-12-07,1.3730821617722277,0.02418846275608977
2011-12-08,0.5988304350523369,0.008574849467261246
2011-12-09,0.47646601907600716,0.005772045570896626
2011-12-10,0.33300869066097066,0.0032266497656724055
2011-12-11,5.191999728720285,0.1003946121649312
2011-12-12,2.5118151011102756,0.04548633818345407
2011-12-13,0.84530872483462,0.010917150686408859
2011-12-14,0.7920225555745167,0.00886665016286876
2011-12-15,0.5870628297857671,0.005165386217475401
2011-12-16,0.4710554028935994,0.002882069276978456
2011-12-17,0.5350860075273094,0.004039968249033876
2011-12-18,0.45436408582695037,0.002789769865472092
2011-12-19,0.42310936763306506,0.0023191183582398074
2011-12-20,0.3848953802735305,0.0017749378601921064
2011-12-21,0.3619179323877619,0.0014780029675564156
2011-12-22,0.34567831160451745,0.001309884831967675
2011-12-23,0.3331170788928841,0.0012082683827428066
2011-12-24,0.32305419415862136,0.001155081850651779
2011-12-25,0.32421262904211456,0.001240189780107415
2011-12-26,0.3102783359211117,0.001158370520899304
2011-12-27,0.3007745011164904,0.001099688690654488
2011-12-28,0.672000461087663,0.0074959484096053545
2011-12-29,11.400245632841337,0.21609815465559645
2011-12-30,8.132192140703141,0.15159349661567467
2011-12-31,3.696364880156212,0.06080037330111484
2012-01-01,1.8646436505798196,0.02655114952190222
2012-01-02,1.1211470128030507,0.011510876182979742
2012-01-03,0.8394992738713132,0.005753660369647193
2012-01-04,0.7269521283677919,0.0034666584216125613
2012-01-05,0.6733100719020818,0.0025058509570581693
2012-01-06,0.6424106414953422,0.002086098415626676
2012-01-07,0.6195312219787148,0.0018855563654528794
2012-01-08,0.6000573947523424,0.0017748619829932512
2012-01-09,0.5821817247105677,0.0017008419089743453
2012-01-10,0.5650399662584671,0.0016417417282049817
2012-01-11,0.5486636985277645,0.0015901802126050471
2012-01-12,0.772607309543123,0.005921830046708498
2012-01-13,0.8123462050824989,0.007299706810545914
2012-01-14,1.3387293497535944,0.01720151838887482
2012-01-15,5.5841076041885,0.10702980579379887
2012-01-16,9.324972352982199,0.1859270793369017
2012-01-17,4.556054019651752,0.08676491900593712
2012-01-18,2.536909247473753,0.04133731520333637
2012-01-19,1.6402869952361754,0.021480765892418405
2012-01-20,1.1202302045390082,0.010981163256223166
2012-01-21,0.9160290226979182,0.006496998880353926
2012-01-22,0.7764478053783828,0.003895273257175114
2012-01-23,0.7601219489382272,0.003723835415976976
2012-01-24,2.7861488359569138,0.052092353347852366
2012-01-25,1.7643453444182557,0.028356657902815493
2012-01-26,1.2680615869051155,0.01558094982553779
2012-01-27,2.73735355441663,0.035874628395115196
2012-01-28,1.9072621110126902,0.022340053146136442
2012-01-29,14.542190584216062,0.27720869861619124
2012-01-30,14.010637792976569,0.2504404678447823
2012-01-31,18.984831947936307,0.32058158348114085
2012-02-01,13.906645910381219,0.20397150421615595
2012-02-02,34.68451771829583,0.5138385085031638
2012-02-03,128.9346729438975,1.818251641833487
2012-02-04,89.65303670650407,1.2125963310624113
2012-02-05,39.709117977005356,0.5472255148709572
2012-02-06,24.516438347069144,0.33850773455705735
2012-02-07,13.496457611713852,0.17011057532794766
2012-02-08,8.786390928883769,0.09981975738819213
2012-02-09,6.01110382966522,0.059645739148914086
2012-02-10,4.353889917958401,0.036235913233073985
2012-02-11,3.460364137993672,0.0238337181978035
2012-02-12,2.9110146494670146,0.016455681322586055
2012-02-13,2.571744899115617,0.012119992652435047
2012-02-14,2.356231181377673,0.009580524947206763
2012-02-15,2.238226438919534,0.00843324747444332
2012-02-16,2.1286240444843325,0.0074620063650507225
2012-02-17,2.029060353184048,0.006714911816427172
2012-02-18,1.9542026531020027,0.006265536337509652
2012-02-19,1.8892324383185288,0.005959955948033292
2012-02-20,1.8328962032965657,0.005759990395267767
2012-02-21,1.776021415421634,0.005553974661402632
2012-02-22,1.7402877529337235,0.00556920285711227
2012-02-23,1.693614011149877,0.005520423157773589
2012-02-24,14.262902075127586,0.17227317660328342
2012-02-25,69.95442487289965,0.9325315103537362
2012-02-26,259.86836730896135,3.6944569159073573
2012-02-27,131.67945840467215,1.8092798040356746
2012-02-28,50.79824335269615,0.7146226007082894
2012-02-29,32.75562210718076,0.449326588153872
2012-03-01,20.469310911568687,0.25475929140052533
2012-03-02,13.312317280317487,0.15391406114767797
2012-03-03,8.716819041752112,0.09107244646995742
2012-03-04,6.02568526773051,0.055364733470010134
2012-03-05,4.4444368982396005,0.03482602772434649
2012-03-06,3.524319337551098,0.023189565817569577
2012-03-07,3.2768060848736256,0.020331908868733643
2012-03-08,2.6454111707212893,0.012730027811314137
2012-03-09,2.3592852810360876,0.009379989456453963
2012-03-10,2.1835401592765584,0.007610407169875358
2012-03-11,2.0662850536061237,0.006610211727651307
2012-03-12,2.0389961873204507,0.006717995305598429
2012-03-13,1.9326382835004794,0.005994104027338016
2012-03-14,8.540714924075887,0.10700619131169989
2012-03-15,12.482553862243844,0.16093730103045142
2012-03-16,168.07648209127092,2.2013627788733476
2012-03-17,139.66629151543614,1.8502875775752294
2012-03-18,365.4644393293515,4.828168332248551
2012-03-19,373.95569180124636,4.830070961207676
2012-03-20,475.5167250659353,6.208524809767856
2012-03-21,808.7922432559911,10.801649002327025
2012-03-22,127.42964437167068,1.7312218212966528
2012-03-23,67.41112465114742,0.9939977121010927
2012-03-24,79.12582058768751,1.083683259273235
2012-03-25,36.33913148406553,0.45851305963353717
2012-03-26,27.530681254991176,0.33149176518502893
2012-03-27,20.376697002044022,0.23536373513021194
2012-03-28,14.344702967180845,0.15480221439043107
2012-03-29,10.229335776176066,0.10010191208189187
2012-03-30,7.594163901324628,0.06568338127717736
2012-03-31,5.930395606334967,0.04425781721391574
2012-04-01,4.865588367705492,0.22153327916470453
2012-04-02,4.174057150225482,0.19330808623084936
2012-04-03,3.710308993826212,0.1354927600346377
2012-04-04,3.3940209630898814,0.08837657364571948
2012-04-05,3.1689260385918923,0.05624445657881179
2012-04-06,3.0261891944852315,0.040796382053444685
2012-04-07,2.875651051263402,0.02502397651799159
2012-04-08,2.7628198707122182,0.016722503003717453
2012-04-09,2.666260622437439,0.012205396654579313
2012-04-10,2.5987854251348925,0.014223674770915419
2012-04-11,2.50659835568949,0.010829487630352195
2012-04-12,2.429215594262539,0.008885619268481108
2012-04-13,2.3551477179211058,0.008070308316754954
2012-04-14,2.296014646668117,0.01008182019483946
2012-04-15,2.2277587848496747,0.009870534518607345
2012-04-16,2.1664020203061756,0.01184396264020555
2012-04-17,2.1122376966152263,0.01275710628961417
2012-04-18,2.032220865378597,0.008950415662749324
2012-04-19,1.9664531196632449,0.00697364857764571
2012-04-20,1.9045024408105062,0.006040618325585976
2012-04-21,1.846134657584387,0.005572884040828721
2012-04-22,1.7907711363758845,0.005293099664258837
2012-04-23,1.7390140864741779,0.0053640396260407
2012-04-24,1.6866793292260371,0.005089126646713876
2012-04-25,1.6367766415222054,0.004845514282379231
2012-04-26,1.5881736847692345,0.00465581030906872
2012-04-27,1.541196879002312,0.00449784540869598
2012-04-28,2.0462090722637813,0.12100102695480816
2012-04-29,1.6221187105895971,0.052347403752235906
2012-04-30,1.5032982882144779,0.02448649350205742
2012-05-01,1.4512046427254552,0.013261009701006762
2012-05-02,1.3670747538165071,0.007950194354394891
2012-05-03,1.3074310917883203,0.005550152280276295
2012-05-04,1.2575370805644317,0.004432159968702713
2012-05-05,1.2148403376039107,0.0038833224656669245
2012-05-06,1.1779506403656779,0.0035977042320347375
2012-05-07,1.142169130824056,0.0034060845232741946
2012-05-08,1.1084362914569548,0.003264706545485802
2012-05-09,1.075480709561055,0.003147965357762315
2012-05-10,1.0437998787536182,0.003045779559120331
2012-05-11,1.0141715761418186,0.002966469704814199
2012-05-12,1.0214765245132773,0.0036325556718380236
2012-05-13,0.9736512426554916,0.003274550769591081
2012-05-14,0.9394742747258513,0.0029640537243092284
2012-05-15,0.9059439495743649,0.0027622838035257216
2012-05-16,0.8755763368875622,0.0026140311978910605
2012-05-17,0.8507443268339503,0.002543301763472636
2012-05-18,0.8787857088807014,0.003505267991261665
2012-05-19,0.8140429421371821,0.0026899933774818794
2012-05-20,0.7907291360374382,0.0025740841063046746
2012-05-21,0.7593755591244816,0.0023426018848065177
2012-05-22,0.7357778412893958,0.002230691975911498
2012-05-23,0.7485391111557269,0.002831300963826892
2012-05-24,0.9161544121276793,0.00651461631462392
2012-05-25,3.450573436666424,0.05388886645607448
2012-05-26,8.785363657509388,0.16344554701139002
2012-05-27,4.071313783419983,0.06320338448210783
2012-05-28,2.7970020139075706,0.03682079537839856
2012-05-29,1.8468620414631631,0.019443438743515534
2012-05-30,1.301492734778503,0.009958333762776592
2012-05-31,1.072947276560812,0.0060555905776813485
2012-06-01,1.0783331986893032,0.008072940206620144
2012-06-02,16.965041061138944,0.547396983386023
2012-06-03,14.046179811696145,0.4466137071620218
2012-06-04,10.109856729764427,0.2763336191132876
2012-06-05,5.571798353341919,0.133980602019548
2012-06-06,3.233121210006383,0.0657711794693339
2012-06-07,2.1032816764378044,0.033905195556720016
2012-06-08,1.5346511885445135,0.01839720872281216
2012-06-09,1.2467723117529153,0.010762113659645906
2012-06-10,1.0920430396121055,0.00687535389073678
2012-06-11,1.0034760218156635,0.00487904303642073
2012-06-12,0.9453832757864723,0.003767807385376359
2012-06-13,0.9043320347329543,0.0031706977994271995
2012-06-14,0.8716532859727463,0.00283139660853683
2012-06-15,0.8445380181594306,0.002651448100318488
2012-06-16,0.818054151457747,0.0025062031205628035
2012-06-17,0.7940922323448341,0.0024084537377822924
2012-06-18,0.7701316323030273,0.002314646968836075
2012-06-19,0.748726762074508,0.0022601284448766144
2012-06-20,0.726128973526412,0.002181205040518517
2012-06-21,0.7049310144520193,0.00210696430163655
2012-06-22,0.6845050342752103,0.0020450497805304937
2012-06-23,0.7832495320760104,0.005783299747128579
2012-06-24,0.7020428498469656,0.004039922893627171
2012-06-25,0.755138259142541,0.006014033922819518
2012-06-26,0.7676232744557919,0.007116502040665411
2012-06-27,0.6699123093392944,0.004563514005428324
2012-06-28,0.6109534395867693,0.0030712611347680175
2012-06-29,0.5747662029891428,0.002311772488954764
2012-06-30,0.5478501706352082,0.0019157063792708284
2012-07-01,0.5283293565062815,0.001715611266845997
2012-07-02,0.5114000307721801,0.001593092322479328
2012-07-03,0.4962745901759934,0.0015115231026827823
2012-07-04,0.4830395569158822,0.001468428641329408
2012-07-05,0.4685445542139114,0.0014147680990061614
2012-07-06,0.45522748425969783,0.0013656545562374376
2012-07-07,0.4486794284556829,0.0014376861990993864
2012-07-08,0.43257825078006734,0.0013457859088186837
2012-07-09,0.42429059617746057,0.0013775422301930723
2012-07-10,0.7960201708535324,0.008492033740485684
2012-07-11,5.064683273460504,0.08651160078969655
2012-07-12,7.120782012716132,0.1291729839357096
2012-07-13,26.178254876929497,0.5118540002941828
2012-07-14,21.562696928657715,0.42267824841507035
2012-07-15,39.05007092222619,0.7438815597707376
2012-07-16,28.031282661359462,0.5406672955486163
2012-07-17,21.727252858234333,0.407697973246437
2012-07-18,25.360884182939344,0.47074388520426724
2012-07-19,18.82399668198885,0.3444003176886294
2012-07-20,13.53395265772676,0.23567718674553556
2012-07-21,8.83425961148467,0.14173850310851138
2012-07-22,5.969138653463555,0.08503035799392711
2012-07-23,4.298738320888521,0.05240498372483517
2012-07-24,3.2975809436060586,0.03326553026165843
2012-07-25,2.689739806969785,0.021945527643679963
2012-07-26,2.31364526321883,0.015201565786110491
2012-07-27,2.0745368563086406,0.011175944511719917
2012-07-28,1.91282094087129,0.00870759706644002
2012-07-29,1.7996995948282273,0.007203475866596063
2012-07-30,1.7145372233291143,0.00626972087945899
2012-07-31,1.646143544132094,0.00567309943427803
2012-08-01,1.5892843985788239,0.007759678568272466
2012-08-02,1.5362924814683683,0.007245728679071398
2012-08-03,1.4882628128310043,0.006234669328770602
2012-08-04,1.4424813831526102,0.005428060787559014
2012-08-05,1.3990082926873875,0.004884114954538809
2012-08-06,1.358184996087184,0.0051652851244215255
2012-08-07,1.3189768120168894,0.00544088047982943
2012-08-08,1.2791925955159036,0.004781861946498926
2012-08-09,1.2412165443464307,0.004268260247765634
2012-08-10,1.2041176698323932,0.003958391712189734
2012-08-11,1.1684810522343532,0.0037604334670983492
2012-08-12,1.1340315428957317,0.0036138045191199467
2012-08-13,1.1006812740001137,0.003491215645673635
2012-08-14,1.0682721234319372,0.0033807534477245005
2012-08-15,1.0368960502211129,0.003277759580054597
2012-08-16,1.0064077740249275,0.0031795636817279773
2012-08-17,0.9771908585334552,0.0033560025147652563
2012-08-18,0.9483960478256005,0.0031618996124646056
2012-08-19,0.9209827716715329,0.0029916142609858216
2012-08-20,1.0493161747677566,0.08131819166381332
2012-08-21,0.9189982689923607,0.0414572587053612
2012-08-22,0.8770621843381091,0.026710142420989687
2012-08-23,0.8327371504927216,0.014700606388126753
2012-08-24,0.7999206023622971,0.007980405126235792
2012-08-25,0.7766316475974202,0.006275808162147142
2012-08-26,0.7497155284501272,0.0038852779453074178
2012-08-27,0.8042333036325393,0.037172667298279664
2012-08-28,0.7301080163576826,0.019423198660695775
2012-08-29,0.6967893241881983,0.010135508820463903
2012-08-30,0.669395113005762,0.005636487079931264
2012-08-31,0.6470739352171925,0.0036021806814489333
2012-09-01,0.6324108601078747,0.004887002579039798
2012-09-02,0.6104577423647756,0.003226280395931779
2012-09-03,0.5923965944093459,0.0025139811260015917
2012-09-04,0.5746028951359112,0.0021233283331538633
2012-09-05,0.5576983740311955,0.001908347484585086
2012-09-06,0.5416520330293209,0.0017809292356896246
2012-09-07,0.5362503037274265,0.007573109042534426
2012-09-08,0.5142137230692011,0.004545294924145605
2012-09-09,0.49780539035267524,0.0029693849016649387
2012-09-10,0.4828651607941545,0.002166559257430448
2012-09-11,0.46845264183189667,0.0018036846946620662
2012-09-12,0.454774731241465,0.0015886241593633791
2012-09-13,0.44170439535639905,0.0014660134948428966
2012-09-14,0.42904236894396475,0.0013880443728345663
2012-09-15,0.41685340446423436,0.0013316519642177377
2012-09-16,0.40510277171274606,0.001285982934453583
2012-09-17,0.39380934896653336,0.001246162911339364
2012-09-18,0.38327143150183607,0.0016385679783337674
2012-09-19,0.37199415689085163,0.0014640449795674927
2012-09-20,0.36127739219023053,0.001297549880488515
2012-09-21,0.35093468749927187,0.0011875436854790508
2012-09-22,0.34098111312378965,0.0011158052031876628
2012-09-23,0.33134645288806874,0.0010650940267409451
2012-09-24,0.32212930569707715,0.0010258672680522828
2012-09-25,0.31300358294471475,0.000991866411810819
2012-09-26,0.30286747786495044,0.0009559308910435815
2012-09-27,0.2888717056882914,0.0009083734174241764
2012-09-28,0.2726200413649383,0.0011332664097837503
2012-09-29,0.25203689239168114,0.0008028974599512527
2012-09-30,0.23170530959166277,0.0007220466269418531
2012-10-01,0.21352137911845961,0.000689923264548276
2012-10-02,0.1951856126700506,0.0006364424404386093
2012-10-03,0.32267038543485305,0.0023974348408990057
2012-10-04,0.223316731993473,0.001442532300018091
2012-10-05,0.18085441703524277,0.00107721238726373
2012-10-06,0.13553384402290536,0.0007318920627360162
2012-10-07,0.10193961420555278,0.000501534276026814
2012-10-08,0.07532935059260705,0.0003423034540069151
2012-10-09,0.0562387454283641,0.00023546868754928995
2012-10-10,0.04507176654472967,0.00017200638951356023
2012-10-11,0.03909730678142239,0.00013636378167187664
2012-10-12,0.03548829528686273,0.00011476478355676083
2012-10-13,0.03341042318549734,0.00010207971238413886
2012-10-14,0.032063801594698925,9.414644992693946e-05
2012-10-15,0.031133916803603133,8.906170274298646e-05
2012-10-16,0.030473109969254262,8.576880450058836e-05
2012-10-17,0.029912668061664757,8.336739511360575e-05
2012-10-18,0.02945845949355899,8.165095025168717e-05
2012-10-19,0.029013178578881065,8.017732153021103e-05
2012-10-20,0.02859247757892824,7.891502709161813e-05
2012-10-21,0.02818478322810446,7.776722696418748e-05
2012-10-22,0.027848217777896134,7.688988897875621e-05
2012-10-23,0.027738258927149376,7.673991203372517e-05
2012-10-24,0.02731152234758669,7.558294254620556e-05
2012-10-25,0.026879775390813074,7.457328236376856e-05
2012-10-26,0.026442051935927847,7.349158822698918e-05
2012-10-27,0.026108646987964036,7.267378644213262e-05
2012-10-28,0.025899286578526307,7.224279127044588e-05
2012-10-29,0.0259495082737283,7.295875698029224e-05
2012-10-30,0.11157582657469793,0.0009248803631066485
2012-10-31,0.11825536278097594,0.0011065178145576527
2012-11-01,0.08480842270669689,0.0007873153886401304
2012-11-02,0.06303952634406314,0.0005604948640986478
2012-11-03,0.046722045945740656,0.000379313913459177
2012-11-04,0.0366544396225102,0.0002615683577173572
2012-11-05,0.0574003516332488,0.0004960454842615863
2012-11-06,0.035801111785649736,0.0002499998191675568
2012-11-07,0.028534061093661574,0.00016777813187006735
2012-11-08,0.024415142203051368,0.00012504711416837835
2012-11-09,0.021938769280216132,9.896447279834224e-05
2012-11-10,0.02110338773989804,8.657589001289848e-05
2012-11-11,0.019962831614459938,7.428586963479783e-05
2012-11-12,0.019412592798286867,6.896567866023172e-05
2012-11-13,0.01880347925290142,6.27230993206443e-05
2012-11-14,0.018500069776720876,5.9651462260866875e-05
2012-11-15,0.018292072657381073,5.762722313168063e-05
2012-11-16,0.01811652319522849,5.6167620907194725e-05
2012-11-17,0.017962350072535264,5.5084406280613024e-05
2012-11-18,0.01791764997569211,5.455735692076721e-05
2012-11-19,0.03827904849929415,0.00024429839739065564
2012-11-20,0.11212935477381723,0.0011227842285541103
2012-11-21,0.07415475388878048,0.0007135240812975532
2012-11-22,0.057222092572295345,0.0005424682079859012
2012-11-23,0.041278321828243106,0.000362610736407388
2012-11-24,0.03116285231153978,0.00024189537203701917
2012-11-25,0.055076570836833726,0.0005103340401048768
2012-11-26,0.03126469919839588,0.0002318134425607927
2012-11-27,0.029563837624721218,0.00019060256957982601
2012-11-28,0.04613961269582251,0.00036700663565425554
2012-11-29,0.03341058128665694,0.00023236290151536652
2012-11-30,0.027044470142868756,0.0001669127056238424
2012-12-01,0.023090873813259704,0.0001260999068376687
2012-12-02,0.020611527165917846,9.950791127373027e-05
2012-12-03,0.01908799182166502,8.237917735112255e-05
2012-12-04,0.01821322073886722,7.150075503268454e-05
2012-12-05,0.01764588076659826,6.428621886706903e-05
2012-12-06,0.01726648753408246,5.94528246795292e-05
2012-12-07,0.017029201846658477,5.627121727564843e-05
2012-12-08,0.016877193892748877,5.41488467693002e-05
2012-12-09,0.016798721515447416,5.280045536633238e-05
2012-12-10,0.018742552418041045,7.245086594048375e-05
2012-12-11,0.019055835775455734,7.83250368313661e-05
2012-12-12,0.019551074360341338,8.617935409808479e-05
2012-12-13,0.019234331771599125,8.423199645285064e-05
2012-12-14,0.01971520314822137,8.678555136117208e-05
2012-12-15,0.018763712696850374,7.754885134128144e-05
2012-12-16,0.01794690211033934,6.909179117374084e-05
2012-12-17,0.017298813846572825,6.257487895216999e-05
2012-12-18,0.016941369604403317,5.8273464794534616e-05
2012-12-19,0.016674843302362623,5.518765398500635e-05
2012-12-20,0.0165696686957326,5.331185274442263e-05
2012-12-21,0.016538417627560326,5.2126977765162146e-05
2012-12-22,0.016496281716169774,5.123190351083196e-05
2012-12-23,0.07043433667021447,0.0007296253844807117
2012-12-24,1.6693698447812857,0.0226431563007461
2012-12-25,2.9417555486975244,0.03823480205135351
2012-12-26,1.2439388696334406,0.01399902794994314
2012-12-27,0.7147422000617443,0.0063471802866849865
2012-12-28,0.5040270967054534,0.003243271132092853
2012-12-29,0.4223288109216514,0.001995995057119196
2012-12-30,0.3861106272963673,0.001445762333218018
2012-12-31,3.7810541776164257,0.04194744843589203
2013-01-01,14.062465212247858,0.16844092855249068
2013-01-02,8.063202572147656,0.08918065287242043
2013-01-03,3.791817863983588,0.03934834169874813
2013-01-04,1.9468619561981793,0.016990102153677057
2013-01-05,1.2194622425652524,0.008152208732893063
2013-01-06,0.9409453923273089,0.004767350321563168
2013-01-07,0.8629322007471454,0.0038524845089524104
2013-01-08,0.7868576991507737,0.0030078123084275703
2013-01-09,0.724985030979678,0.0023624111260322008
2013-01-10,0.6888090914907983,0.002063872368376317
2013-01-11,0.6628300124508875,0.0019047151853493548
2013-01-12,0.6412525571447781,0.0018056239121464657
2013-01-13,0.6218202383817928,0.0017338651603372036
2013-01-14,0.6034806355032535,0.0016748076956575248
2013-01-15,0.5862441123451513,0.0016243232606528476
2013-01-16,0.5764552864408389,0.0016570436030038064
2013-01-17,0.6951677182575313,0.003103615547001967
2013-01-18,0.5986812720060648,0.002296183621967323
2013-01-19,0.5589735804033964,0.0019397395240663934
2013-01-20,0.5221426335309758,0.0016529478994142845
2013-01-21,0.5040816383591168,0.00157021471377206
2013-01-22,0.6598425474121029,0.003444224518547386
2013-01-23,0.670792051862193,0.003866683158740598
2013-01-24,166.3208242821866,2.1014783755823965
2013-01-25,429.21353882015137,5.508135320655563
2013-01-26,71.46689169794715,0.9073460962512732
2013-01-27,38.39090760524663,0.546239035929799
2013-01-28,13.452340585245178,0.171536916464888
2013-01-29,6.326354425380065,0.06924790507532466
2013-01-30,3.7231540503664724,0.033784659341483274
2013-01-31,2.5395972889151985,0.018422839801824475
2013-02-01,1.9670964335421874,0.011922324062497791
2013-02-02,1.653556632506898,0.0078159391549475
2013-02-03,1.4865050922819714,0.005716725050268015
2013-02-04,1.3912472886219784,0.004678210112433
2013-02-05,1.3481854767507628,0.0044913476029722335
2013-02-06,1.2895392696537527,0.00400209308385827
2013-02-07,1.2439840688755595,0.003722812237367778
2013-02-08,1.2046431296601408,0.003561351644421059
2013-02-09,1.2610055306020278,0.0046499435555610626
2013-02-10,1.2389506971004973,0.004896615463093095
2013-02-11,1.1550221803047944,0.004033503080159825
2013-02-12,1.1205141466031368,0.003857306377235363
2013-02-13,1.061424161579861,0.0034674671607707605
2013-02-14,1.55111684844316,0.011654136756740402
2013-02-15,3.7064659719586937,0.04494916566841793
2013-02-16,11.150104259865584,0.1622412781982979
2013-02-17,10.064054306074974,0.1402171582970325
2013-02-18,98.94490177049522,1.4682921131896647
2013-02-19,36.183578284944865,0.5330811522173015
2013-02-20,26.970338986458405,0.39718058885945956
2013-02-21,17.841375286496163,0.24396439258436392
2013-02-22,11.204995787223602,0.1412281114285463
2013-02-23,7.0084859145896745,0.07935599306564838
2013-02-24,12.902586913495142,0.17284541435913442
2013-02-25,11.372231983723992,0.1471902443221267
2013-02-26,7.752721804638927,0.09124378624763735
2013-02-27,47.417820167884955,0.6063483945106679
2013-02-28,54.95985542529664,0.7462553544564898
2013-03-01,119.2909102188736,1.7099756295530197
2013-03-02,136.6408433298564,2.006526157123864
2013-03-03,58.69021974606712,0.8639847395449918
2013-03-04,706.2688337580661,10.669417850530689
2013-03-05,235.00414861884224,3.413154627861526
2013-03-06,186.54192698718902,2.806421908681002
2013-03-07,61.511407348318286,0.9191785203669803
2013-03-08,33.172874594223174,0.4775349230215809
2013-03-09,18.125899837980914,0.23535033180217643
2013-03-10,11.977623701972556,0.13918411658676813
2013-03-11,8.524712318294815,0.08684028987300997
2013-03-12,6.500573968051065,0.05679243206454118
2013-03-13,5.230111818520453,0.03842408446536334
2013-03-14,4.415683057320127,0.027010675628735135
2013-03-15,3.8813767724392205,0.019853285161286382
2013-03-16,3.5199746135787158,0.01533596215617722
2013-03-17,3.265871444043721,0.012460340508622911
2013-03-18,3.080362467822397,0.010626097468503985
2013-03-19,2.9373720634464346,0.00944220269586097
2013-03-20,3.11783759682344,0.01288052456791179
2013-03-21,3.0469509509918162,0.01306948944489877
2013-03-22,2.7835187595881004,0.010241663260554102
2013-03-23,2.982377996184711,0.013665702954847573
2013-03-24,2.8532064450263688,0.013963678152565244
2013-03-25,2.599159702903666,0.010608069813430416
2013-03-26,2.414825836610513,0.008468804600685227
2013-03-27,2.2949923083805652,0.007316848735976242
2013-03-28,2.248984235141441,0.007290764977691024
2013-03-29,2.14531399230568,0.0065059552919244585
2013-03-30,2.068281326266714,0.006075221801641367
2013-03-31,2.002571351143853,0.005810613234699938
2013-04-01,1.9408258620809085,0.005600911680700254
2013-04-02,1.9102448226760698,0.005921470690783183
2013-04-03,2.0897736986063102,0.010157239809661558
2013-04-04,1.8459131258933676,0.006787498165992039
2013-04-05,1.7558590236298621,0.0057001461412037515
2013-04-06,1.6990361795622893,0.005447770681140245
2013-04-07,2.3968245228950944,0.01918654610035599
2013-04-08,2.969463699799756,0.03210340343156517
2013-04-09,2.604320526671192,0.02569296015495813
2013-04-10,19.355359680266204,0.36042387247114893
2013-04-11,87.85501920587286,1.7401860416814356
2013-04-12,63.23608803685512,1.255900054435135
2013-04-13,35.6367562099592,0.6938539281762782
2013-04-14,21.94051535592512,0.41229471811852464
2013-04-15,13.199504977771385,0.23424127939010336
2013-04-16,8.247867262435705,0.1337242085848539
2013-04-17,5.476750824234602,0.07799855062944744
2013-04-18,3.900016003317749,0.04678144503515497
2013-04-19,2.983356381249078,0.028903284276491605
2013-04-20,2.4377562921404103,0.018525373014352742
2013-04-21,2.1565117402325145,0.013402629585814984
2013-04-22,1.9185713963500102,0.009356877411035169
2013-04-23,1.7787710974782776,0.0071669366202490176
2013-04-24,1.6816515677014303,0.005926845568199313
2013-04-25,1.6098444660616251,0.005211621022185826
2013-04-26,1.5622948212253922,0.004981332748492516
2013-04-27,1.5046004271359334,0.004574195986516172
2013-04-28,1.456184278515855,0.004336198728457205
2013-04-29,1.4113954472362453,0.0041578059655511725
2013-04-30,1.3690252031304138,0.004015685787101734
2013-05-01,1.4224274214856143,0.006541165608683565
2013-05-02,1.315309048453299,0.004765018155533538
2013-05-03,1.2623746782748757,0.004062621683320232
2013-05-04,1.218060380729957,0.0037128267029767443
2013-05-05,1.1837209944018292,0.003619712528121793
2013-05-06,1.145440854289672,0.003424591408211386
2013-05-07,1.1821047704650736,0.005239706586753879
2013-05-08,1.2099837843788506,0.0069622021388347
2013-05-09,1.264954763558746,0.009758999449170398
2013-05-10,1.1391390401940615,0.007285616008765214
2013-05-11,1.2669448768244427,0.011488402978982373
2013-05-12,1.0623881008127716,0.006691424458781951
2013-05-13,1.0043345211379433,0.005281568950770966
2013-05-14,0.9260364886934995,0.0036751693040145516
2013-05-15,0.9265968354158852,0.00417657925351367
2013-05-16,0.9253887650270161,0.004820666125811858
2013-05-17,1.0528177954075846,0.009383038191920946
2013-05-18,0.8884554159031565,0.0056296871258126775
2013-05-19,0.8212934886647782,0.0038510846839108098
2013-05-20,0.7718969241606088,0.0029183592802087778
2013-05-21,0.7390656931329659,0.0024606897204213305
2013-05-22,0.7136200049338604,0.002222987679647764
2013-05-23,0.9998459161172824,0.01087065174383719
2013-05-24,0.7769016713138569,0.005858527865717349
2013-05-25,0.7067187982641238,0.003800821157701869
2013-05-26,0.6544851690477617,0.0027140345684532187
2013-05-27,0.6219396216618522,0.0021849064743169953
2013-05-28,0.6226241568529018,0.002603974067969445
2013-05-29,0.617191090895628,0.0029566429653078733
2013-05-30,0.7882380858692112,0.008549282437027681
2013-05-31,0.6687240007884497,0.0059644617914480485
2013-06-01,0.6031086345597321,0.004169019732941106
2013-06-02,0.554331066986627,0.0030476803430699263
2013-06-03,0.517507383631276,0.0021765640836843166
2013-06-04,0.49357450339360026,0.0017642260497422616
2013-06-05,0.4756655662865006,0.0015468090662911522
2013-06-06,0.47831985725759213,0.002116296702405713
2013-06-07,0.458032012825853,0.0018210148814169207
2013-06-08,0.44449575603022107,0.0016588997888909308
2013-06-09,0.42978128890250406,0.0015643103087409297
2013-06-10,0.4391355675726384,0.0022760441041753086
2013-06-11,0.4112769292868035,0.0016866345455356319
2013-06-12,0.41664228961265415,0.0021164758434124528
2013-06-13,0.4958305960491034,0.00538584519161144
2013-06-14,0.4171795683633312,0.0029764369922827827
2013-06-15,0.38230209544862526,0.001991413451923671
2013-06-16,0.3568527040286449,0.001475107460393421
2013-06-17,0.34074405563958726,0.0012252499272720188
2013-06-18,0.3279224042755328,0.001079422418891449
2013-06-19,0.31798661556275,0.001000062883462697
2013-06-20,0.3084595917204916,0.0009411205588008637
2013-06-21,0.2997820773971279,0.0008979902352615894
2013-06-22,0.29101973858627583,0.0008624279100046984
2013-06-23,0.28273971918231056,0.0008327863403785192
2013-06-24,0.27484422457967567,0.0008067606076238084
2013-06-25,0.26725156296891267,0.0007829873718602998
2013-06-26,0.2599895234137814,0.0007609303497296956
2013-06-27,0.25280059379436254,0.0007394657783438234
2013-06-28,0.24706545694894136,0.0007418147382854791
2013-06-29,0.23992588738348922,0.0007202356906736122
2013-06-30,0.23333908510416448,0.0006951159548007418
2013-07-01,0.22668159865350873,0.0006706243624328175
2013-07-02,0.22031809119562445,0.0006487389591335378
2013-07-03,0.21427903821881272,0.000629147880769495
2013-07-04,0.20856810163030365,0.0006113844701191179
2013-07-05,0.20290758101618386,0.0005942228266387401
2013-07-06,0.19749544807360364,0.000578081692073867
2013-07-07,0.19226643731575938,0.0005626351915347162
2013-07-08,0.18708480584368495,0.0005473986353190049
2013-07-09,0.18223810450852415,0.0005332849127975401
2013-07-10,0.17783347059919494,0.0005226070745695439
2013-07-11,0.22544752638636412,0.0010940130668410613
2013-07-12,0.19417002559127738,0.0008034856442553641
2013-07-13,0.17978360373894214,0.0006700281457269188
2013-07-14,0.20517841168564221,0.0009732931223777504
2013-07-15,0.2081918624347097,0.001031416928869231
2013-07-16,0.20984657743649815,0.001133305558465063
2013-07-17,0.17345221852079148,0.0007711341161979574
2013-07-18,0.19077124150512229,0.0009303733823526581
2013-07-19,0.16283251523191775,0.0006856645177858271
2013-07-20,0.1519524426689151,0.0005925269468712779
2013-07-21,0.1578807029575854,0.0006486577943889375
2013-07-22,0.14424453537931903,0.0005548544203636931
2013-07-23,0.13780834874177225,0.0005107093599559166
2013-07-24,0.130265807042281,0.0004567401262543421
2013-07-25,0.12393622003088521,0.0004122393600640161
2013-07-26,0.11932868341566173,0.0003807263168263383
2013-07-27,0.12231515218781602,0.00043340844411363533
2013-07-28,0.12361065519286249,0.00045413268396279704
2013-07-29,0.13250325299040888,0.0005756823387089148
2013-07-30,0.11933459912532132,0.0004681948752690067
2013-07-31,0.1146340784591285,0.0004289773577152577
2013-08-01,0.10796877550427993,0.0007520341699544726
2013-08-02,0.10286921690162272,0.0006153991747614302
2013-08-03,0.09888527963923913,0.0004873194907148671
2013-08-04,0.09596430118474841,0.0004324036814539113
2013-08-05,0.09304792757038786,0.00037503318463146874
2013-08-06,0.0906811719524174,0.0003319969042237556
2013-08-07,0.08834815988856207,0.0003005275408819174
2013-08-08,0.08616257193437198,0.000278202947471483
2013-08-09,0.08412792818406005,0.00026227691360497545
2013-08-10,0.08220637669528086,0.0002505446448742518
2013-08-11,0.08087595967867703,0.0003028427304688984
2013-08-12,0.0790521405714195,0.0003020318537912038
2013-08-13,0.07722929795790191,0.0002791476523519105
2013-08-14,0.07563439407727278,0.00028380020498128624
2013-08-15,0.0726117587764634,0.0002654021546409532
2013-08-16,0.06833987813615142,0.00024205110659042205
2013-08-17,0.0628071019198891,0.00021871034210243926
2013-08-18,0.05653956181404792,0.0001966883606417517
2013-08-19,0.05061743524435748,0.0001775655324442229
2013-08-20,0.0455725919557603,0.00016321708043588945
2013-08-21,0.04213328278238513,0.00015302084986615832
2013-08-22,0.03965416829360954,0.00014492165450291576
2013-08-23,0.037419077791485914,0.00013665049963889226
2013-08-24,0.03378052030178493,0.0001214059649880507
2013-08-25,0.02984972269049983,0.00010383437238986772
2013-08-26,0.02682678444703484,0.000676512143701227
2013-08-27,0.024930870058492885,0.0002099324632274203
2013-08-28,0.02383431228390499,0.00014785540226634465
2013-08-29,0.02308415914404472,0.0001166615615785444
2013-08-30,0.022564182621005374,9.71625631307137e-05
2013-08-31,0.02219515127876983,8.485406036966606e-05
2013-09-01,0.021933100336566654,7.702549015036584e-05
2013-09-02,0.021756259535071387,7.204008740817244e-05
2013-09-03,0.02166805328955726,6.921401945343847e-05
2013-09-04,0.026440351069359946,0.0001254172083787897
2013-09-05,0.025553982602793162,0.00012172925469311186
2013-09-06,0.0446529585445004,0.0005096109211420571
2013-09-07,0.03874231893216713,0.00036292674946422144
2013-09-08,0.03314211984710028,0.0002792874588188207
2013-09-09,0.02898703068734274,0.00021626676081477997
2013-09-10,0.025896919054467366,0.00016736651456680102
2013-09-11,0.02371069193888894,0.00013215960504693022
2013-09-12,0.022273902868565447,0.00010797809337491295
2013-09-13,0.021413143384324363,9.18331134366797e-05
2013-09-14,0.020859347382905742,8.105514615445178e-05
2013-09-15,0.02048082394781291,7.364702050297807e-05
2013-09-16,0.0202263980174893,6.863072628453056e-05
2013-09-17,0.020017080296643723,6.512982497919944e-05
2013-09-18,0.019809153308111366,6.25787745768728e-05
2013-09-19,0.019633510612305918,6.0762201303959455e-05
2013-09-20,0.019509392329777924,5.954168599115105e-05
2013-09-21,0.019466655310166052,5.885135586802094e-05
2013-09-22,0.019392139987064683,5.824130819707778e-05
2013-09-23,0.019585333050287368,6.103046677647759e-05
2013-09-24,0.019436579604657476,6.082406302703858e-05
2013-09-25,0.01930223542752189,6.028212182218702e-05
2013-09-26,0.019140286179313428,5.939043169194992e-05
2013-09-27,0.01903769229451908,5.862954003684986e-05
2013-09-28,0.018874099174556132,5.7707068601749886e-05
2013-09-29,0.01864955594583271,5.670783064024895e-05
2013-09-30,0.01845769925924117,5.590889550715805e-05
2013-10-01,0.018279847774140264,5.5209018470457226e-05
2013-10-02,0.018124486784659697,5.463048446008116e-05
2013-10-03,0.018028330249284318,5.426926914748111e-05
2013-10-04,0.07566819459160391,0.0007140980402187951
2013-10-05,0.038075698929792456,0.0002879279042688043
2013-10-06,0.029740555401243644,0.00019654637914850109
2013-10-07,0.02499208401273197,0.00014660273035686162
2013-10-08,0.021935027938853546,0.00011309239598493937
2013-10-09,0.020113051931166453,9.160348201818646e-05
2013-10-10,0.019002679559250703,7.77303406543942e-05
2013-10-11,0.018349800048101793,6.882941640171973e-05
2013-10-12,0.01795496296020778,6.304625502151155e-05
2013-10-13,0.01775518679618971,5.940161076677402e-05
2013-10-14,0.017503747198217554,5.6591613729773424e-05
2013-10-15,0.017548883048035195,5.542589501918494e-05
2013-10-16,0.017439625127260952,5.416502991409131e-05
2013-10-17,0.017384055344301767,5.3404612125501795e-05
2013-10-18,0.01734908126545399,5.311389892272595e-05
2013-10-19,0.01729126896257689,5.267743095962665e-05
2013-10-20,0.01714958659947134,5.2000697184213725e-05
2013-10-21,0.03427856384400109,0.0002493428571442838
2013-10-22,0.026946081515096268,0.00017158977352966536
2013-10-23,0.023500320849964906,0.0001342549112764846
2013-10-24,0.020952233553293023,0.00010636095775502368
2013-10-25,0.019270496856219232,8.67793276907046e-05
2013-10-26,0.018244858832211597,7.38814880778076e-05
2013-10-27,0.020341511715462265,9.809097703649808e-05
2013-10-28,0.01805847899589254,7.117693155980572e-05
2013-10-29,0.018633387821891032,7.480612612606584e-05
2013-10-30,0.018438769645496594,7.309376520805271e-05
2013-10-31,0.018337243843279713,7.136483554974188e-05
2013-11-01,0.3070621897874132,0.004641613030693569
2013-11-02,0.20748597261274168,0.003362084028394458
2013-11-03,0.09128249319094213,0.0014544270268196744
2013-11-04,0.055996317046255545,0.0008247067238363436
2013-11-05,0.03825374869794114,0.0004973971713169557
2013-11-06,0.052507669076691216,0.0007074801021897507
2013-11-07,0.034372700765898385,0.0004119948339970002
2013-11-08,0.027276178309086935,0.0002836537981847286
2013-11-09,0.02299827161311196,0.0002028128904740719
2013-11-10,0.020363674602345685,0.00015021672109406898
2013-11-11,0.018795906046738413,0.00011619764284734232
2013-11-12,0.017879562531447835,9.402968795972435e-05
2013-11-13,0.017388947908345317,7.957632214016478e-05
2013-11-14,0.017076185828350264,6.986212417464751e-05
2013-11-15,0.01866823388346917,8.971236916094797e-05
2013-11-16,0.08230352350884115,0.0012827145876741137
2013-11-17,0.7972025899858889,0.015200287302487821
2013-11-18,1.229849347199671,0.024967600307635975
2013-11-19,0.8976538293604507,0.01646173884512678
2013-11-20,0.6398493219314222,0.010024288668611086
2013-11-21,0.4001140068968375,0.004910299240249752
2013-11-22,0.28786440703559574,0.002558031401894325
2013-11-23,0.34576463050499745,0.0032529265362104542
2013-11-24,0.2656396732850536,0.0019659037822541783
2013-11-25,0.23255129213116804,0.0013464623756661207
2013-11-26,0.2112269772230793,0.0009932471535457812
2013-11-27,0.22484746229470556,0.0012707668779935349
2013-11-28,0.253228898297926,0.0018053369758548217
2013-11-29,0.2100976110518085,0.0011822294694900544
2013-11-30,0.1911726988274237,0.0008910780302369965
2013-12-01,0.40923335538730077,0.005783594023830593
2013-12-02,0.27096317871810316,0.003498432883151498
2013-12-03,0.21241397653098532,0.002119475944934789
2013-12-04,0.18119482978572052,0.0013389184136972548
2013-12-05,0.16400741477604072,0.0009159672566259799
2013-12-06,0.15407685126244708,0.0006919693518807119
2013-12-07,0.1477232778888812,0.0005719681256471191
2013-12-08,0.1427350677316802,0.000504153984166143
2013-12-09,0.13851043498056925,0.00046354026306873154
2013-12-10,0.13462046421002982,0.0004368393445045866
2013-12-11,0.13097371497601842,0.00041764370918878386
2013-12-12,0.1276027988069508,0.00040289693900148375
2013-12-13,0.34063395104795635,0.005702813077784178
2013-12-14,0.2448633536904747,0.004605597502396793
2013-12-15,0.18875352695071143,0.0030013179723740874
2013-12-16,0.15564416434825792,0.0018904994020581289
2013-12-17,0.13241760156279853,0.001190506389458963
2013-12-18,0.11865782848263147,0.0007941722991895499
2013-12-19,0.11538842424189222,0.0006843853952673716
2013-12-20,0.14572290696174817,0.0016806346028001332
2013-12-21,0.13767579322132573,0.001617676015308013
2013-12-22,0.12388401468556066,0.001218823757783768
2013-12-23,0.10995342343794734,0.0008429432771672699
2013-12-24,0.10072729455980539,0.0006058974353126487
2013-12-25,0.09474157895780762,0.0004632112499254454
2013-12-26,0.09067757583266949,0.0003786592402117326
2013-12-27,0.08771156257369346,0.0003281997554346736
2013-12-28,0.08505931831180769,0.00029632707444805285
2013-12-29,0.08272034284692249,0.0002755617653276087
2013-12-30,0.09029324922102382,0.0005080866806253737
2013-12-31,0.08634796878872614,0.0004894965031685708
2014-01-01,0.08410430423128508,0.0004395344728547648
2014-01-02,0.07946091199022082,0.00036652858401509537
2014-01-03,0.07544675367031563,0.00030841386287522115
2014-01-04,0.07213277653275216,0.0002677079406041565
2014-01-05,0.06932007818391316,0.00024008661423716998
2014-01-06,0.06687054505345115,0.0002213533034945524
2014-01-07,0.06454464794510112,0.0002079797497822427
2014-01-08,0.06215231626109451,0.00019727861274535522
2014-01-09,0.3047767655996399,0.0032575790302973493
2014-01-10,6.783609527707227,0.08092962869413219
2014-01-11,59.52740191077468,0.7514629469475237
2014-01-12,24.771503861197356,0.3230129488783191
2014-01-13,13.798031192544265,0.1894736213654379
2014-01-14,5.756142904899462,0.07140499214014663
2014-01-15,2.8430584723896746,0.029225708541698626
2014-01-16,1.8216127327961213,0.014864273531437152
2014-01-17,1.3016165250833858,0.007916611527015519
2014-01-18,1.078850740234846,0.004981632575513112
2014-01-19,0.9667311589751555,0.0036249002522989785
2014-01-20,0.9045198741880481,0.002966853117879969
2014-01-21,0.8641727709912168,0.002626915794135539
2014-01-22,0.833196834850598,0.0024334440573655623
2014-01-23,0.8064970004788395,0.002308594895084425
2014-01-24,0.7822601593306066,0.002217389175575607
2014-01-25,0.7589580517656909,0.0021411339573302684
2014-01-26,0.915443305335414,0.0043398379339631855
2014-01-27,1.1661786838315582,0.007999617390268098
2014-01-28,0.9957479723727151,0.00607290933131251
2014-01-29,0.8093054427781433,0.0038289973187918616
2014-01-30,0.8217370765283808,0.004064170124630158
2014-01-31,82.18758466129783,1.025994818370481
2014-02-01,28.800630838443826,0.48334547346483303
2014-02-02,25.178706248711094,0.44448866316775015
2014-02-03,16.058676555245587,0.2760933208335131
2014-02-04,10.301541152057931,0.1668738694419624
2014-02-05,6.029395976705204,0.08746919552582968
2014-02-06,3.8559093152129664,0.04795079989252648
2014-02-07,2.6617384067951106,0.0264988673163472
2014-02-08,2.0665640776823735,0.015986830231012508
2014-02-09,2.1305021758714195,0.018178181710179618
2014-02-10,21.660065077652682,0.4485506041100574
2014-02-11,17.868491033157902,0.34318872989216015
2014-02-12,11.386725686990486,0.20489448716362518
2014-02-13,7.143362450379803,0.1164415440871843
2014-02-14,4.584855363273655,0.06405768081418947
2014-02-15,3.2222611034361357,0.03677092702801362
2014-02-16,2.467694403366156,0.021913743074984587
2014-02-17,2.062669868311117,0.014137038188685273
2014-02-18,1.885518579192502,0.010993277873817672
2014-02-19,3.640507552967785,0.04300925118891397
2014-02-20,39.21876989409816,0.6890860511642946
2014-02-21,33.14562604467802,0.6030843403973067
2014-02-22,25.624560427089612,0.45282353924578517
2014-02-23,15.818050405057827,0.2665883336497882
2014-02-24,10.315807718202098,0.1622625187416466
2014-02-25,6.8001605080399345,0.09553783529397732
2014-02-26,4.742913825457056,0.05699523722316569
2014-02-27,3.5158079205386255,0.03457693601335811
2014-02-28,2.8104068508051543,0.021972008138220846
2014-03-01,2.3793049810991085,0.013863239169435588
2014-03-02,2.1187318445258185,0.00981729916136845
2014-03-03,1.997446217694573,0.008194746973650007
2014-03-04,1.866933568049908,0.006779870670944486
2014-03-05,1.8331526151757327,0.006687917150493641
2014-03-06,1.7203108078815603,0.0056598704009032125
2014-03-07,1.6512490898380507,0.005160270641703361
2014-03-08,1.7671900409890589,0.007319615729721112
2014-03-09,1.7282750161398666,0.007426017156201356
2014-03-10,4.825345249742882,0.04905811551277931
2014-03-11,4.067939953568044,0.040644938444796594
2014-03-12,2.700728620086968,0.022128717278644173
2014-03-13,1.9776457705772008,0.012542685320942092
2014-03-14,1.6186924221085748,0.007939049492452452
2014-03-15,1.4354943027834022,0.005710770966613612
2014-03-16,1.3334130249815648,0.004603364622023369
2014-03-17,1.2684728105297491,0.004030777305129979
2014-03-18,1.220598046454892,0.0037139465249196456
2014-03-19,1.1806896287901594,0.0035179392171373037
2014-03-20,1.1839594579534285,0.003915503982475159
2014-03-21,1.521121031316137,0.008946745360182582
2014-03-22,5.77888240723752,0.07245442796141374
2014-03-23,4.16680227272675,0.04959230831446594
2014-03-24,2.2357352385925116,0.02096274053317278
2014-03-25,1.6018580784596566,0.011690587436901573
2014-03-26,7.818660203260227,0.10208025420089169
2014-03-27,119.02087249047145,1.8188270507955617
2014-03-28,75.6154830988777,1.1679867240165531
2014-03-29,60.799377430912834,0.9362870660185413
2014-03-30,30.10126527399028,0.4485949353633603
2014-03-31,18.922258793617786,0.2722283075715495
2014-04-01,11.226871549581594,0.21691751241571336
2014-04-02,7.057097166113218,0.13397014197299845
2014-04-03,4.819063979339015,0.08099167420279216
2014-04-04,3.5448024273435665,0.04902432462586937
2014-04-05,2.814073148430258,0.030474007703020167
2014-04-06,2.489183971420966,0.022504426245726877
2014-04-07,2.1317470341766316,0.013903247998063736
2014-04-08,1.9511081637739254,0.00987317828323783
2014-04-09,1.8419313491818041,0.007940968671843966
2014-04-10,1.8167491217430933,0.008283028389852811
2014-04-11,1.6993506976679815,0.006374252067547261
2014-04-12,1.6910358735351074,0.007003646565835684
2014-04-13,12.294282806744503,0.3117287555977016
2014-04-14,66.54016546497856,1.8427762829413274
2014-04-15,29.59745631589336,0.7898405048405314
2014-04-16,18.893916853080327,0.47180872144176683
2014-04-17,11.166375990752895,0.26147228115401755
2014-04-18,6.793786790303365,0.14333485934986642
2014-04-19,4.506560729775192,0.08208977646470222
2014-04-20,3.18458749576003,0.04711793370813579
2014-04-21,2.452193954684824,0.02805033821057462
2014-04-22,2.033764017356233,0.017423513533191857
2014-04-23,1.7954572961646684,0.01164815172511468
2014-04-24,1.8564462311150363,0.013841558775236575
2014-04-25,4.000114411375282,0.07811879277853147
2014-04-26,3.1156801116387887,0.054128895376619864
2014-04-27,2.347020877873066,0.03149743549644624
2014-04-28,1.8341973884126408,0.018042549658234826
2014-04-29,1.583371921837938,0.011531775943245172
2014-04-30,1.4272748378282567,0.008031839573752772
2014-05-01,1.3220597708733017,0.010840218995659172
2014-05-02,1.2475619650575929,0.0076042586495523425
2014-05-03,1.226403251282465,0.009512991794113359
2014-05-04,1.1539506131776225,0.004863085474868317
2014-05-05,1.113803673090999,0.003874652933107226
2014-05-06,1.0789361421056627,0.0034423841738279535
2014-05-07,1.0464372145855563,0.0032105683122492547
2014-05-08,1.0153142837350608,0.0030615851709473608
2014-05-09,0.986841265149545,0.0032430000469030524
2014-05-10,0.959527967780415,0.0035961929556090825
2014-05-11,0.9312156438453797,0.003448959830638889
2014-05-12,0.9025199108503615,0.0030148900589183204
2014-05-13,0.8791240830109022,0.0034123165282694285
2014-05-14,0.8887711014375568,0.011517355036783158
2014-05-15,0.9846878453980402,0.03440494926714232
2014-05-16,0.85432265813809,0.017185440160454254
2014-05-17,0.9157567745281969,0.0326382430503331
2014-05-18,0.853113605890282,0.02869454999132761
2014-05-19,0.8360474231548084,0.03075912735234318
2014-05-20,0.7736654142616859,0.0216785678635551
2014-05-21,0.7458851031357592,0.01706117335618079
2014-05-22,0.696725609872093,0.010400941170293427
2014-05-23,0.6647303356322233,0.006449563208471281
2014-05-24,0.6381695352367043,0.004057316968013898
2014-05-25,0.6163311412977864,0.002852735265210643
2014-05-26,0.5971911733673216,0.002258548409228757
2014-05-27,0.5825699611909221,0.0024659992071145373
2014-05-28,0.5637960655376736,0.0021357322912642124
2014-05-29,0.561483364449907,0.004645439165592391
2014-05-30,0.5374245140633543,0.0032968947907891628
2014-05-31,0.5797986290669918,0.017340196407259513
2014-06-01,0.529406841391945,0.01051545937254894
2014-06-02,0.5048346393274399,0.006012986334046696
2014-06-03,0.485704955953269,0.003669467271067246
2014-06-04,0.46649513162357154,0.0024656679868338455
2014-06-05,0.45347451335479144,0.0019250657659237301
2014-06-06,0.43702281365319945,0.0015901858201304235
2014-06-07,0.4229872282380112,0.0014001621832931245
2014-06-08,0.7235617537294038,0.0102528258224745
2014-06-09,0.6471973869293037,0.007746643744051999
2014-06-10,0.615237151858822,0.00682500186179308
2014-06-11,0.4816582250800412,0.003811716476227948
2014-06-12,0.4127073361790997,0.002407065536991028
2014-06-13,0.39559824408370964,0.00227385959608706
2014-06-14,0.36234987513190847,0.001622945741185736
2014-06-15,0.40776062788761824,0.003069598968194875
2014-06-16,0.3755833085728123,0.002309645037650183
2014-06-17,0.3421851844898525,0.001617048118998924
2014-06-18,0.31949051197450484,0.0012596136507356413
2014-06-19,0.3059967755635375,0.0011311110065252146
2014-06-20,0.32999088034859875,0.0019157470700476415
2014-06-21,0.30883630341206697,0.0016367806072668956
2014-06-22,0.2875782625382391,0.0011809453552155587
2014-06-23,0.2732963043951502,0.0009894935681430716
2014-06-24,0.2629387928061831,0.0008880774993182686
2014-06-25,0.2540461728858578,0.0008089720795392075
2014-06-26,0.24628206861579433,0.0007615378742401364
2014-06-27,0.23928883863611375,0.0007277280206700546
2014-06-28,0.24029087895811543,0.0008543149821785232
2014-06-29,0.2313190991190518,0.000801769215727315
2014-06-30,0.22379922797395696,0.0007408105754612733
2014-07-01,0.21627778538599413,0.000689301022839508
2014-07-02,0.20937909886895167,0.0006500380122783549
2014-07-03,0.20325455319711186,0.0006205568285882144
2014-07-04,0.204558528321333,0.0009246791912191032
2014-07-05,0.196125768505517,0.0008074984367190819
2014-07-06,0.19001251624363827,0.0007106053766124936
2014-07-07,0.1839383830623935,0.0006434193079104531
2014-07-08,0.17824799217817158,0.0005886720370357625
2014-07-09,0.17310254812633113,0.0005493741550921177
2014-07-10,0.16820305582262568,0.0005204419625884298
2014-07-11,0.16364892757023586,0.0004985529178206352
2014-07-12,0.15930978873437104,0.0004808521862411199
2014-07-13,0.1555210678394083,0.00047993562231856454
2014-07-14,0.1515964920617884,0.0004656338185438922
2014-07-15,0.15156791779079998,0.0005497097805565998
2014-07-16,0.14844662800284109,0.0007141799544518388
2014-07-17,0.14158318783348947,0.0005685434427452017
2014-07-18,0.1369938903772012,0.0004869779753213297
2014-07-19,0.1331213781154693,0.0004394319162741956
2014-07-20,0.12957660998128892,0.0004092487804876773
2014-07-21,0.12622691823595397,0.0003886944515041366
2014-07-22,0.1230119323945045,0.00037341122486190463
2014-07-23,0.11992205178748495,0.0003611080860977273
2014-07-24,0.11703721443816047,0.00035084634174582953
2014-07-25,0.11412220518110568,0.00034123208304289023
2014-07-26,0.11145398013327316,0.0003327877056321155
2014-07-27,0.10862156777588602,0.000324036454035555
2014-07-28,0.10596136763113743,0.00031596789060672325
2014-07-29,0.10337356279941412,0.0003081798854967242
2014-07-30,0.10089864877947467,0.00030077623265985096
2014-07-31,0.09887150154180696,0.00030411225265789053
2014-08-01,0.10722919374936347,0.0008103752332303697
2014-08-02,0.09817089860540176,0.00048076207376360257
2014-08-03,0.09438649785489762,0.00039885948986848974
2014-08-04,0.09153275259820294,0.0003542439408130552
2014-08-05,0.08878084053810602,0.0003188542656295845
2014-08-06,0.08776837457047426,0.00035425529229623365
2014-08-07,0.09083570079823158,0.0005860842704821879
2014-08-08,0.08459575033449168,0.0003919691397225562
2014-08-09,0.08279361147368046,0.00040511284379423853
2014-08-10,0.07991324293167779,0.0003485257449072224
2014-08-11,0.07738030572762811,0.00030010661126446034
2014-08-12,0.07523422307963482,0.0002667666065766828
2014-08-13,0.0733987492070969,0.0002445758572729191
2014-08-14,0.07186943198992231,0.00022986350218439722
2014-08-15,0.13309128697887077,0.0033817010016388396
2014-08-16,1.471867779031155,0.07280854795864374
2014-08-17,0.579632351253823,0.02566089708829557
2014-08-18,0.36244874277726224,0.01252209232582807
2014-08-19,0.23722363229396404,0.006196453801984289
2014-08-20,0.17766069725230418,0.0033107795588256934
2014-08-21,0.15055531346945286,0.00196712437297099
2014-08-22,0.1361576014455061,0.0012672910063032364
2014-08-23,0.12779933549269695,0.0008897215981336846
2014-08-24,0.12206601521441086,0.0006768175568194672
2014-08-25,0.12088944326864311,0.0006844656528278106
2014-08-26,0.1156537045617624,0.0005273966728965042
2014-08-27,0.11226492292318843,0.0004844897426641754
2014-08-28,0.10906738373232779,0.0004416336299580435
2014-08-29,0.10608182281570104,0.00040687574319419435
2014-08-30,0.1031978448671767,0.0003802010676859322
2014-08-31,0.10049595206585862,0.00036010951529403043
2014-09-01,0.09796123803947214,0.00034460218031882455
2014-09-02,0.0955313825431004,0.0003320059404292021
2014-09-03,0.0932755779890232,0.000321562290729833
2014-09-04,0.090870678122143,0.00031190527633903257
2014-09-05,0.08767382361768086,0.0003014781480786296
2014-09-06,0.08414754325565164,0.0002910876257393075
2014-09-07,0.08134094172582657,0.0002827148417876523
2014-09-08,0.42079059897652576,0.02163073704667281
2014-09-09,0.23494304499846227,0.010310328803475375
2014-09-10,0.15168579252887726,0.005315196121913372
2014-09-11,0.11193969852542354,0.0029531898324005046
2014-09-12,0.0908343134716221,0.001734618555563435
2014-09-13,0.07958442483628897,0.0010868034388310664
2014-09-14,0.07770617599022181,0.0008871793759065502
2014-09-15,0.07284502492471642,0.0006564186642840512
2014-09-16,0.06971255701096465,0.0005165788363352839
2014-09-17,0.06656016125937976,0.0004104474897805617
2014-09-18,0.06270798999462264,0.00033412417982412503
2014-09-19,0.05853363860820647,0.00029378749803434
2014-09-20,0.05340005021980268,0.0002541589750285679
2014-09-21,0.048891695608883,0.00022316592335283088
2014-09-22,0.2311115528421994,0.012629890288374593
2014-09-23,0.955707649277622,0.05717779321963398
2014-09-24,0.39210702043843176,0.01986766852683736
2014-09-25,0.2501075154342348,0.010467678976728234
2014-09-26,0.1567408536954393,0.005274757784616081
2014-09-27,0.11075536532761351,0.0028843406455013585
2014-09-28,0.08825067061238034,0.001721973020015916
2014-09-29,0.07656946523145974,0.001114331903409083
2014-09-30,0.06991950345906228,0.000775239366383522
2014-10-01,0.06580380712104535,0.0005760822143150253
2014-10-02,0.06300237047979493,0.00045394900832636324
2014-10-03,0.06089886000133802,0.00037607820658376324
2014-10-04,0.0592327460844639,0.00037770133786052323
2014-10-05,0.06117105817364445,0.010535184586309497
2014-10-06,0.059032711397875706,0.009069866654603007
2014-10-07,0.056949114144315485,0.006627789904354455
2014-10-08,0.05509802008631096,0.004690457203559529
2014-10-09,0.05356464842453783,0.0033085651705056346
2014-10-10,0.05222501011742993,0.0023448212500055904
2014-10-11,0.050839402584165506,0.0016749199151701963
2014-10-12,0.050897478300120744,0.019987199316303574
2014-10-13,0.04729752301556753,0.005442248368618184
2014-10-14,0.04382357158272002,0.003383750716213194
2014-10-15,0.04057527750755402,0.0022461835532566095
2014-10-16,0.03765135872217718,0.0014800134262018517
2014-10-17,0.03525379260406309,0.0009862544646296605
2014-10-18,0.03374195723464623,0.0006761060022507071
2014-10-19,0.03274018078194222,0.00047699702642283836
2014-10-20,0.0319319629085088,0.00034717981458018404
2014-10-21,0.031398183869555035,0.0002775868226824784
2014-10-22,0.03115105083205861,0.0013988743797502482
2014-10-23,0.028442238903181243,0.0011962838537187231
2014-10-24,0.02571333246492663,0.0008774546879911679
2014-10-25,0.023044978151570153,0.0006244842784460876
2014-10-26,0.020527037807890645,0.00044256986173964473
2014-10-27,0.018594564668657134,0.0003162650651988207
2014-10-28,0.018409207580365287,0.00023476737013068417
2014-10-29,0.018273205606179486,0.00017883571849021607
2014-10-30,0.018207017608952457,0.0001405537740547413
2014-10-31,0.01812481399675413,0.00011401938328094521
2014-11-01,0.018267002137654198,9.725279001774974e-05
2014-11-02,0.018231315509628122,8.4955375798957e-05
2014-11-03,0.03659050267811731,0.0003031896924088041
2014-11-04,0.11032099746138319,0.0011146144198069072
2014-11-05,0.13405209977479793,0.0012939117515542496
2014-11-06,0.08657720619520257,0.0008091936142182541
2014-11-07,0.060673961841292784,0.0005552002754219274
2014-11-08,0.042972317144513515,0.0003664415345250239
2014-11-09,0.03216631993688408,0.00024481345242528997
2014-11-10,0.025935998083155106,0.00017178529160234024
2014-11-11,0.02240377188596647,0.00012811299949268756
2014-11-12,0.020277675460583126,0.00010106510813922676
2014-11-13,0.019018898323945863,8.406814758631479e-05
2014-11-14,0.018223445184277928,7.298086681811136e-05
2014-11-15,0.017728425212943797,6.572060067098279e-05
2014-11-16,0.01742166682991945,6.093817277360607e-05
2014-11-17,0.01718400268302674,5.7596789154890885e-05
2014-11-18,0.017026003376201585,5.5343407830056146e-05
2014-11-19,0.016979279458264124,5.400809173653183e-05
2014-11-20,0.016961762981471357,5.33268693066233e-05
2014-11-21,0.01687764623219043,5.249982031092605e-05
2014-11-22,0.01680763362861604,5.1848987605559896e-05
2014-11-23,0.016754570926135946,5.137931281013417e-05
2014-11-24,0.017700131785759524,5.6894006518269066e-05
2014-11-25,0.017542370008692035,5.6322708964164896e-05
2014-11-26,0.03924132336863129,0.00028089409356630646
2014-11-27,0.028376799120154696,0.0001661724673288477
2014-11-28,0.02480807202466559,0.00013476707593998742
2014-11-29,0.03010884644426708,0.0002029527059555501
2014-11-30,0.028646048223760733,0.00016986173829109419
2014-12-01,0.02472349084835739,0.00013521012479448852
2014-12-02,0.022513902496350078,0.00011794994560266395
2014-12-03,0.03913598743756448,0.0003470006543718659
2014-12-04,0.03154585688487122,0.0002670970542394854
2014-12-05,0.02688239684502009,0.00020985138094834204
2014-12-06,0.1184477834298885,0.0015326897523541478
2014-12-07,0.07635796787168533,0.0009814512450059018
2014-12-08,0.06091955682763524,0.0007692983051013618
2014-12-09,0.04393214889325715,0.0005150233311412365
2014-12-10,0.36753160703210647,0.005476251756200704
2014-12-11,0.16999392357623508,0.0025979220521124367
2014-12-12,0.2819531366755143,0.0042313120313059865
2014-12-13,0.8967767634526373,0.01337224356342206
2014-12-14,0.5471091195274987,0.007924575947167395
2014-12-15,0.30605529508028634,0.0041973939839165374
2014-12-16,0.19035185557432363,0.002286233124360397
2014-12-17,0.13345535047337123,0.0013200381356504008
2014-12-18,0.10640978314414233,0.0008518877609983877
2014-12-19,0.09329709696162586,0.0006188360875543464
2014-12-20,0.08574374602091644,0.0004949832330454978
2014-12-21,0.08095431408509121,0.00042368268931953454
2014-12-22,0.07760501037869294,0.0003800307253961431
2014-12-23,0.07492680180393436,0.0003509993255082532
2014-12-24,0.07271091201178996,0.0003305616922391575
2014-12-25,0.07128371371493622,0.00032207082876194165
2014-12-26,0.06948769705781288,0.0003105449053841849
2014-12-27,0.0677388415522382,0.0002988596971247901
2014-12-28,0.06619119791453311,0.00028990790859511104
2014-12-29,0.06556148195622492,0.0002915712423787761
2014-12-30,0.17397117744717633,0.0018251448514658528
2014-12-31,0.49546032977617244,0.006325290061024532
2015-01-01,0.26424610780467667,0.003573940091411891
2015-01-02,0.2122604673867908,0.0029779294864180007
2015-01-03,4.10262800939559,0.07380313038424421
2015-01-04,3.343542840066758,0.05736778916235892
2015-01-05,1.2612710080333571,0.018844598976558928
2015-01-06,9.003939968730915,0.16016729860476658
2015-01-07,13.63119530980682,0.24939597007396563
2015-01-08,7.677905874832105,0.1327752222730279
2015-01-09,4.503116862577458,0.07237951146018276
2015-01-10,2.5667023719303232,0.03579670224811176
2015-01-11,1.6482273620245067,0.018255206999166638
2015-01-12,1.219959367042639,0.010190874239887418
2015-01-13,0.9986015369641527,0.006238281297966784
2015-01-14,0.8850271767332619,0.004317729299891077
2015-01-15,0.8325068779850232,0.00354264025745576
2015-01-16,3.6962201030660524,0.05155721443947563
2015-01-17,3.7807320799260964,0.05264849792647491
2015-01-18,3.1398178549480567,0.042977720013160865
2015-01-19,2.126462410773988,0.026210343735939674
2015-01-20,1.436934667893375,0.01481363070424575
2015-01-21,3.9855949684359446,0.05836982040314239
2015-01-22,35.36227693193213,0.6546677688344779
2015-01-23,145.06639064999075,2.975298058748415
2015-01-24,46.22929666507206,0.9283052542510308
2015-01-25,27.243167294090053,0.5208315835897592
2015-01-26,26.795812823086916,0.5063957902520966
2015-01-27,19.000003950544592,0.34909800941358493
2015-01-28,13.057888945845178,0.2266727683327805
2015-01-29,11.673819054531593,0.19198731687011683
2015-01-30,8.827502349099955,0.1353538467994058
2015-01-31,6.045056035106549,0.08179603887201668
2015-02-01,4.357113753824572,0.26039948977341554
2015-02-02,3.3745501647938307,0.20244713238289483
2015-02-03,2.7615679197012803,0.12537703049991109
2015-02-04,2.4081118214502277,0.0758777737077934
2015-02-05,2.2356539031823854,0.06706398025572721
2015-02-06,2.203224494592605,0.11329318127032405
2015-02-07,1.9551660851238926,0.05724164200882089
2015-02-08,1.8377320831036226,0.0291428995469181
2015-02-09,1.7472102246559993,0.015455790595401335
2015-02-10,1.6838125241177695,0.011045301842857937
2015-02-11,1.7167161250027383,0.040254417590285856
2015-02-12,1.6442931600494313,0.03506081156465899
2015-02-13,1.76105828824368,0.0942983395331986
2015-02-14,1.593041865606768,0.0559297872437629
2015-02-15,1.6025484832669032,0.08403708318671457
2015-02-16,1.455672032491514,0.041829622043600086
2015-02-17,1.3832723410685828,0.020651911274431355
2015-02-18,1.3246916643264122,0.01127776965240937
2015-02-19,1.3035279027270033,0.01842619862397031
2015-02-20,1.2567094114502178,0.01341237415079776
2015-02-21,1.206878706619736,0.007938205585286183
2015-02-22,1.2644790570103976,0.036952747408823254
2015-02-23,1.465033413021459,0.12733597224793902
2015-02-24,1.2052694562987714,0.06211928239758477
2015-02-25,1.2482300340165524,0.07138997016402031
2015-02-26,1.1006262502836905,0.03695615215252841
2015-02-27,1.0332656496583292,0.01853616740602837
2015-02-28,0.9849652713869429,0.009935383787921694
2015-03-01,0.9492935904818736,0.006123027708298096
2015-03-02,0.9190879081690156,0.004409790167118843
2015-03-03,0.8914060702544421,0.0036021513566207534
2015-03-04,0.8651236581455211,0.0031907485243750228
2015-03-05,0.8418488849652481,0.002986822797869083
2015-03-06,0.8161193484446289,0.0028218884425266974
2015-03-07,0.7937151040719381,0.002730936020104461
2015-03-08,0.7688195451269708,0.0026100247537808904
2015-03-09,0.7459385101209963,0.0025191425392184544
2015-03-10,0.7242614647059,0.002440112126405657
2015-03-11,0.75055869497438,0.0031140715682485246
2015-03-12,0.8986832687275121,0.005784887465394068
2015-03-13,1.0961664670965054,0.009437058295379155
2015-03-14,0.8126908977119925,0.005310920213567896
2015-03-15,0.7071542469247806,0.00362665604757575
2015-03-16,0.6395931113393106,0.002743547237286972
2015-03-17,0.6012509844771474,0.002302200712786145
2015-03-18,0.576404939499886,0.002071895691978377
2015-03-19,0.5570177796954109,0.0019370632348646572
2015-03-20,0.5399496635783617,0.0018461476120768703
2015-03-21,0.5240427425028801,0.0017762994129568704
2015-03-22,0.5089375455214634,0.0017173922931786735
2015-03-23,0.4974572621665135,0.001721105770659182
2015-03-24,0.48040414511471596,0.001622793613944946
2015-03-25,0.46622901620034657,0.0015687364870556122
2015-03-26,0.4527818536948581,0.0015215870216589188
2015-03-27,0.43976874177705105,0.0014770156935660474
2015-03-28,0.43009979687209265,0.0014772983308727664
2015-03-29,0.42273401471216965,0.001509188118211372
2015-03-30,0.5514972286586541,0.0036835550910901942
2015-03-31,1.0875695894339532,0.013018543238094168
2015-04-01,0.7455066439991322,0.008887496019414893
2015-04-02,0.5237982635476095,0.004652657402497696
2015-04-03,0.42437449035809494,0.0028111922183910397
2015-04-04,0.3784369408967266,0.002008357403171879
2015-04-05,0.3618614337357175,0.0017711106380374848
2015-04-06,0.44020578109627934,0.0037831475690411863
2015-04-07,1.0823678449419456,0.017812351972252623
2015-04-08,0.5360491905132835,0.00619241329114434
2015-04-09,0.42939981810011457,0.003544250231744071
2015-04-10,0.37159096393082985,0.002290246385417565
2015-04-11,0.3408901998264738,0.0016769301581225338
2015-04-12,0.3232062112025151,0.0013718001745607394
2015-04-13,0.31102756688316874,0.001210769783830016
2015-04-14,0.3076504238045302,0.0013078441947074943
2015-04-15,0.3400314107134328,0.0023410054168775543
2015-04-16,0.40987983093473684,0.004434296349923359
2015-04-17,0.3613926879456888,0.0035570065773803308
2015-04-18,0.3110590562966559,0.002340695233102377
2015-04-19,0.2808034539989112,0.0016476302993864616
2015-04-20,0.26301808313801006,0.0012875876549757893
2015-04-21,0.24989191055590668,0.001074522848486447
2015-04-22,0.24009861484478406,0.0009482098430967749
2015-04-23,0.2316899783303984,0.0008680387223459421
2015-04-24,0.2239856829915472,0.0008128531944559289
2015-04-25,0.2166889833010755,0.000771345718271385
2015-04-26,0.20979858752663424,0.0007379905556629151
2015-04-27,0.203207777008877,0.0007093899046929853
2015-04-28,0.19690691531747534,0.0006839062447261191
2015-04-29,0.1908066478621743,0.000660317662875254
2015-04-30,0.21035728070031787,0.0012802337354850084
2015-05-01,0.19386333937128403,0.0010590891385689621
2015-05-02,0.18322623253318335,0.0008805282887082802
2015-05-03,0.17307044231445357,0.0007432812908868065
2015-05-04,0.16485761803578444,0.0006508712321579316
2015-05-05,0.15814837898180542,0.000589533419694111
2015-05-06,0.15228570664536073,0.0005467871561741726
2015-05-07,0.14694881161446857,0.0005149985777366351
2015-05-08,0.14179037755592755,0.0004893390765913387
2015-05-09,0.1366334474010404,0.00046710951644034383
2015-05-10,0.13164024587101844,0.0004477295685944209
2015-05-11,0.1269078424995474,0.00043025363237907577
2015-05-12,0.12193755286228751,0.0004117295135959656
2015-05-13,0.11688596952153009,0.0003926105957378776
2015-05-14,0.11204617007056668,0.00037420384465673847
2015-05-15,0.10778891796407775,0.0003580534561692401
2015-05-16,0.11453487404621288,0.0005830048038156758
2015-05-17,0.251066866810866,0.0040501632306478175
2015-05-18,0.24080068117666836,0.0038952630078791
2015-05-19,0.17360983235208985,0.0022930874868039987
2015-05-20,0.13525611579240912,0.0014570811956018113
2015-05-21,0.10870447286395278,0.0009323564865419712
2015-05-22,0.09208818803624504,0.0006284344663678428
2015-05-23,0.08173757510004437,0.00045491013478576896
2015-05-24,0.07550549503973723,0.0003575167595737289
2015-05-25,0.08911306747052018,0.0007809397923074766
2015-05-26,0.09254211911598971,0.0009043907201033501
2015-05-27,0.07740405997134311,0.0005862884143344034
2015-05-28,0.0679617971627012,0.00043574036532844723
2015-05-29,0.0601933893677026,0.00032932128437419806
2015-05-30,0.05597035967028703,0.00029752877798026417
2015-05-31,0.05072808410280912,0.0002461146229986587
2015-06-01,0.046833015141178026,0.00020847231665573664
2015-06-02,0.08540030103769539,0.0009824485180820568
2015-06-03,0.05873951751340487,0.0005006974920848305
2015-06-04,0.048844747291255965,0.0003505221446637696
2015-06-05,0.04229581703967943,0.00026151714182020126
2015-06-06,0.03721320071296053,0.00020180644324719246
2015-06-07,0.03412581187783741,0.0001646065298481586
2015-06-08,0.03967778301599076,0.00027383031484681656
2015-06-09,0.04764240302178614,0.00044686321560007635
2015-06-10,0.04728726050981571,0.0004602283488655428
2015-06-11,0.04162092726431884,0.00037420444232262243
2015-06-12,0.1298050883324275,0.002112211492185649
2015-06-13,0.11252427016800924,0.0018048392655366347
2015-06-14,0.09424977501274617,0.0014769857688977628
2015-06-15,0.24613715510137232,0.004656712949066432
2015-06-16,0.14659713658746545,0.0026493986996181306
2015-06-17,0.29028781107868257,0.005586881090971217
2015-06-18,0.14857376992025817,0.002688168651500639
2015-06-19,0.09224915727586891,0.0015425523971596014
2015-06-20,0.06888282415269781,0.001068032735756892
2015-06-21,0.04891903634568897,0.0006724820131936557
2015-06-22,0.06883248125801643,0.001047004699514123
2015-06-23,0.0502957824963733,0.0006861413970292292
2015-06-24,0.09389843837949995,0.0015580743127893454
2015-06-25,0.05927181659039494,0.0008790484712798942
2015-06-26,0.0627135878239076,0.000962430728249699
2015-06-27,0.038963267248185295,0.00047984546620355716
2015-06-28,0.03062557787810088,0.00031450287094822026
2015-06-29,0.03321125121188142,0.00034525178487967154
2015-06-30,0.03030461545984717,0.00028820773365940353
2015-07-01,0.04453530259943145,0.0005519000114739079
2015-07-02,0.037451666017453644,0.0004346471312656228
2015-07-03,0.032381334924275036,0.0003380609780525631
2015-07-04,0.027901693625372516,0.00025334690758701764
2015-07-05,0.025089844730041024,0.000196972600273952
2015-07-06,0.022844403007702335,0.00015220183369662698
2015-07-07,0.021401312749664197,0.00012131460758305087
2015-07-08,0.02054474345482892,0.0001006597692359006
2015-07-09,0.020060089685574923,8.691637452533115e-05
2015-07-10,0.05396095012363023,0.0006995393031801685
2015-07-11,0.04144245085246309,0.0005079205257071402
2015-07-12,0.03600768930788776,0.0004111635129776542
2015-07-13,0.03030996769624637,0.0003070775695758967
2015-07-14,0.026011562072820158,0.0002252887311724375
2015-07-15,0.02322531944917732,0.00016893522597632012
2015-07-16,0.021504706276904935,0.0001314618105565074
2015-07-17,0.020465639069408802,0.00010670432111764719
2015-07-18,0.019840220754062436,9.029517542676756e-05
2015-07-19,0.019464215705432275,7.937439620628378e-05
2015-07-20,0.019329979335789015,7.239605301937058e-05
2015-07-21,0.021294511980547687,0.00010100802102176161
2015-07-22,0.02516051581410296,0.0001724973210043153
2015-07-23,0.2058035992882451,0.003649259630877387
2015-07-24,0.10600906823456255,0.0018714515238716395
2015-07-25,0.07159724763180778,0.0011792720699616366
2015-07-26,0.04892380642020114,0.0007254461487771427
2015-07-27,0.03569695753205781,0.0004563040694776369
2015-07-28,0.028331973935256036,0.00030182719031552615
2015-07-29,0.0242582360791449,0.00021330026943872305
2015-07-30,0.02188211309437868,0.0001581877720310485
2015-07-31,0.020482825549537686,0.00012320976256938719
2015-08-01,0.019687447416326664,0.00010068252004268891
2015-08-02,0.01918872255897358,8.578408559440574e-05
2015-08-03,0.0188203165757346,7.569521251321879e-05
2015-08-04,0.01860372993085968,6.901679495437885e-05
2015-08-05,0.018464202936094503,6.454412021856786e-05
2015-08-06,0.018384828684387632,6.15609660825621e-05
2015-08-07,0.018342775647371964,5.9566484500774995e-05
2015-08-08,0.018278030578302473,5.809122300593669e-05
2015-08-09,0.018228437928850053,5.707599354256187e-05
2015-08-10,0.018160135843598577,5.627951210963624e-05
2015-08-11,0.01813335573978408,5.580130721342656e-05
2015-08-12,0.018039361456112558,5.523389759027586e-05
2015-08-13,0.01801378209226291,5.4974450457993917e-05
2015-08-14,0.01799384924245395,5.4777827053524794e-05
2015-08-15,0.017969051940532124,5.460124606476345e-05
2015-08-16,0.01792646118670395,5.441309708481025e-05
2015-08-17,0.017879740678059308,5.423487399735137e-05
2015-08-18,0.01784627983053577,5.4106870107192446e-05
2015-08-19,0.01781619169998877,5.3994942973073315e-05
2015-08-20,0.017805927422278024,5.394135298250708e-05
2015-08-21,0.017874565192995365,5.414902686716611e-05
2015-08-22,0.017930278375521344,5.430506368146222e-05
2015-08-23,0.017842871427996843,5.400964394100083e-05
2015-08-24,0.019614613708612696,0.00048825533864676075
2015-08-25,0.019208593852275198,0.00022593450747114929
2015-08-26,0.018967834410225082,0.00020615719217126965
2015-08-27,0.018575036174943747,0.00018018530400371944
2015-08-28,0.01823513189264473,0.00015092487744911438
2015-08-29,0.017927605815848496,0.00012480569653380163
2015-08-30,0.019109240919820684,0.00020725322007210617
2015-08-31,0.03486064581756243,0.00441252472324646
2015-09-01,0.03140241495269371,0.0025144881326345007
2015-09-02,0.027984727823066418,0.001796694278932437
2015-09-03,0.02431477121797356,0.0012375152209480834
2015-09-04,0.021636260400805376,0.0008474566832080037
2015-09-05,0.019872814857982726,0.0005863511450952114
2015-09-06,0.018805533029771834,0.0004126101911452511
2015-09-07,0.018117424804017013,0.0002959387251854949
2015-09-08,0.017715670211773806,0.0002174617258356717
2015-09-09,0.01741502005948231,0.00016413929981114924
2015-09-10,0.017255455473523428,0.0001281741828637016
2015-09-11,0.01721243507653544,0.00010396052960208417
2015-09-12,0.031119272251164634,0.0006459725893149298
2015-09-13,0.0253977275815528,0.0004553638917230772
2015-09-14,0.051759485890057556,0.0014703000504837469
2015-09-15,0.051748264909350306,0.001519917514813372
2015-09-16,0.03730185740061596,0.0009509817866282817
2015-09-17,0.030075306656095264,0.0006441196408301808
2015-09-18,0.02497958026203334,0.00044029254633423003
2015-09-19,0.02180169070581567,0.000307435862651767
2015-09-20,0.019807424738392,0.00022109691429639377
2015-09-21,0.018586837110448368,0.00016459953457645035
2015-09-22,0.017801716914680864,0.00012706668879739635
2015-09-23,0.017300947805488482,0.00010198114165015317
2015-09-24,0.017052476498780087,8.537854200045795e-05
2015-09-25,0.01688712105074568,7.411082963811838e-05
2015-09-26,0.01679183702972967,6.650393116955217e-05
2015-09-27,0.01673882620294114,6.13471601321062e-05
2015-09-28,0.01951277801556471,0.00014130869833616755
2015-09-29,0.01849340537587331,0.00010859154330810169
2015-09-30,0.01824333415121118,0.00010522687239140748
2015-10-01,0.017504944400400197,8.549178810753389e-05
2015-10-02,0.017261279160775363,7.635598672860516e-05
2015-10-03,0.02664441724461841,0.00018512970557103847
2015-10-04,0.02071968703438987,0.00010952084910180148
2015-10-05,0.019137295018676604,8.933205696937901e-05
2015-10-06,0.01809701585749557,7.647872758660378e-05
2015-10-07,0.01737971955455351,6.71811910306792e-05
2015-10-08,0.016949845465803363,6.093483529848066e-05
2015-10-09,0.01675126367748665,5.700719609279144e-05
2015-10-10,0.021672739835728948,0.00010195255149014756
2015-10-11,0.049601742480273665,0.0003487312811973021
2015-10-12,0.038744847342677455,0.0002607941877528122
2015-10-13,0.03089608916285202,0.00019797949485681266
2015-10-14,0.025431498402741677,0.00015060662306286816
2015-10-15,0.021943166048216525,0.00011738238343276419
2015-10-16,0.024946517176076082,0.00013979730869987482
2015-10-17,0.02877507398656476,0.00017847358360933364
2015-10-18,0.02528670868560558,0.00014722105372290046
2015-10-19,0.2595500476397137,0.0027358651077655457
2015-10-20,0.19363983755148803,0.0019648864003482492
2015-10-21,0.1644925371625644,0.001701869537341289
2015-10-22,0.09952765568501076,0.001019835567508668
2015-10-23,0.06345575131438996,0.0006274266103424248
2015-10-24,0.04261528078016003,0.00038935557048561375
2015-10-25,0.03107678402323476,0.0002525972709071449
2015-10-26,0.024618656129683062,0.0001739896309055195
2015-10-27,0.0210814639089855,0.0001281365772339193
2015-10-28,0.0189564128478685,9.98098001927146e-05
2015-10-29,0.017749989890585516,8.21633860412308e-05
2015-10-30,0.017060626273598112,7.087681081727093e-05
2015-10-31,0.07424516268179011,0.0007044920542525754
2015-11-01,0.1445148975307166,0.004605506136400746
2015-11-02,0.11052066203575432,0.0036781614442606228
2015-11-03,0.08263805242921386,0.002692434199283725
2015-11-04,0.050467019617063916,0.0013951486019707032
2015-11-05,0.03526717573597368,0.0008404114688890434
2015-11-06,0.12522603138035632,0.005168875992141878
2015-11-07,0.059831433326703404,0.0020506975860121344
2015-11-08,0.20529370656543447,0.008147932852467623
2015-11-09,0.18023917039612147,0.0070696132871675066
2015-11-10,0.3602877486385046,0.015165606115796424
2015-11-11,0.14859591915573392,0.0051706567713294205
2015-11-12,0.08640190966915759,0.0026558210676933917
2015-11-13,0.06665541424656256,0.00183403197563547
2015-11-14,0.04814814969787643,0.0010637205188333348
2015-11-15,0.4644356697520936,0.020002985190481888
2015-11-16,0.4930417988161774,0.017873058890204276
2015-11-17,1.8549920993614308,0.0722610513873453
2015-11-18,0.7786990725307231,0.02341450199546719
2015-11-19,0.4925900633826629,0.010739935062798309
2015-11-20,0.35877938036998847,0.005343104886047078
2015-11-21,0.2997774938010667,0.0030015061174354252
2015-11-22,0.2717875018253263,0.0019260968723980936
2015-11-23,0.2563404873568918,0.001402987876325938
2015-11-24,0.24598348134091128,0.0011333360165079228
2015-11-25,0.23781094368913833,0.0009851715128848183
2015-11-26,0.2305778924730655,0.0008970771369113984
2015-11-27,0.22385675080117426,0.0008398476517461646
2015-11-28,0.21752741303905251,0.0007991897215687735
2015-11-29,0.2114485038247373,0.0007675216211114629
2015-11-30,0.20579359071732975,0.0007416425642955804
2015-12-01,0.2002341882012047,0.0007184811545430485
2015-12-02,0.1947730520067453,0.0006970211590090618
2015-12-03,0.1893945612494998,0.000676610634978157
2015-12-04,0.18466482409296409,0.000677295643592467
2015-12-05,0.17969179009068847,0.0006673800585551111
2015-12-06,0.17463167441430724,0.0006438417910331109
2015-12-07,0.18976276072667492,0.001344706011690697
2015-12-08,0.1878625393234884,0.001494996247460049
2015-12-09,0.17394554376207813,0.001177698861527045
2015-12-10,0.16488399541099416,0.0009356174491247507
2015-12-11,0.15658326325944255,0.0007631498578749076
2015-12-12,0.15022281802150544,0.0006534873727789204
2015-12-13,0.15839828217822854,0.0009382047153174596
2015-12-14,0.20747903284128028,0.002478247307242329
2015-12-15,0.167771910794883,0.0015772701884971161
2015-12-16,0.14799033498899414,0.0010725424393717492
2015-12-17,0.13670602451575328,0.0007928691109984929
2015-12-18,0.13287564186192186,0.000707554818572238
2015-12-19,0.12635661448483976,0.0005935654547521707
2015-12-20,0.12400822112813223,0.0006006729677533334
2015-12-21,0.12720514781063524,0.0008305027647719422
2015-12-22,0.12111412848416869,0.0007357212756203115
2015-12-23,0.115298112456953,0.000613645952416395
2015-12-24,0.11332958969895789,0.0005883715375339832
2015-12-25,0.10787864993670207,0.000503688242178641
2015-12-26,0.13226863200864925,0.00117665292236298
2015-12-27,0.12846807348956682,0.0013384484002498544
2015-12-28,0.28685497047829495,0.006784552759706121
2015-12-29,0.4461678116403523,0.01311669655660189
2015-12-30,0.31764770278692445,0.009263731143404211
2015-12-31,0.20829862466217958,0.005163255750033687
2016-01-01,0.14757717234257967,0.0028524250217662746
2016-01-02,0.1153220388131498,0.0016556325185326272
2016-01-03,0.25292898232928446,0.005394959628588015
2016-01-04,0.3867500744691379,0.009007981890155602
2016-01-05,2.9429466891243634,0.08314930174360582
2016-01-06,1.1525017792163226,0.024465322087151187
2016-01-07,0.6692263702716817,0.010587621014349425
2016-01-08,0.4761282441984465,0.0050294582616846
2016-01-09,1.5080812266365178,0.026946981263655707
2016-01-10,3.3968927919681247,0.06932024937331324
2016-01-11,1.2317059776312027,0.01891117339984324
2016-01-12,0.6959227455231755,0.007159017563311824
2016-01-13,0.5405562645861756,0.0035956810462006413
2016-01-14,0.4856388981979178,0.0022912392203187607
2016-01-15,0.4548350362056706,0.0016577187827203658
2016-01-16,0.4363689320733521,0.00137317309720534
2016-01-17,0.6715962670526062,0.00809673787012489
2016-01-18,7.659775255768148,0.1907897048077695
2016-01-19,4.724113944557923,0.09445143100281575
2016-01-20,2.339523534772691,0.038381792442529025
2016-01-21,1.239669300314082,0.016113062056130594
2016-01-22,0.8134689825274026,0.007508290829264038
2016-01-23,0.6375776361465129,0.003973821641334886
2016-01-24,0.5596450513845199,0.002456695795436793
2016-01-25,0.5207926630495335,0.00178497636947828
2016-01-26,0.7468330992036957,0.007481497198474435
2016-01-27,0.9415547463208991,0.014820475586462031
2016-01-28,0.7105469170401469,0.007754725893763034
2016-01-29,0.558811547786268,0.0043585301983283704
2016-01-30,0.48762247308748347,0.002710744837279327
2016-01-31,0.44686444772895906,0.0018487297955329346
2016-02-01,0.4229233830275304,0.0014228720334881393
2016-02-02,0.604859009366755,0.0041424179066428465
2016-02-03,0.4739235112323222,0.0023313455106074
2016-02-04,0.6639242277276,0.005111793853923456
2016-02-05,0.6511274335906174,0.005288675407445519
2016-02-06,199.63720825712835,3.0919379744759836
2016-02-07,85.06014271192178,1.3169162467249054
2016-02-08,39.35118112971865,0.6020547007275909
2016-02-09,18.825525390666822,0.2757588276620597
2016-02-10,9.654886890222068,0.12973184902696605
2016-02-11,5.419042946556671,0.06363484086738641
2016-02-12,3.4542635857358275,0.03364981724273708
2016-02-13,2.484623220712488,0.019198565154514995
2016-02-14,1.971499794081777,0.01174437336226548
2016-02-15,1.6923133402913422,0.007863625069525792
2016-02-16,1.5331246184971417,0.00583126826020356
2016-02-17,1.4358597651534482,0.004770711645848403
2016-02-18,1.3711600732715579,0.004232653747183907
2016-02-19,1.319816577221019,0.0039035603797947
2016-02-20,1.3878512872353863,0.005531691823413771
2016-02-21,1.275586756583126,0.004173123531047808
2016-02-22,1.3177713792566257,0.005117140192082646
2016-02-23,1.6486093620420024,0.010113182179128554
2016-02-24,1.297571558983741,0.005909808292142637
2016-02-25,1.1842658961175012,0.0044926070400205555
2016-02-26,1.0971556036184058,0.003652719981046415
2016-02-27,1.0448525289923538,0.003227878387371422
2016-02-28,1.0068998935301596,0.0029940805352254157
2016-02-29,0.9995474211479413,0.0031895136686932155
2016-03-01,0.9540028080239724,0.002880415800051032
2016-03-02,1.0919142429910453,0.005326750971103908
2016-03-03,7.170186717792874,0.12020080434833551
2016-03-04,43.10365275582126,0.6469328943948727
2016-03-05,212.64295244793448,3.331089727824848
2016-03-06,113.50918996540568,1.8221665142023007
2016-03-07,273.73520393611597,4.472084465208425
2016-03-08,79.98236498607416,1.2819171230576898
2016-03-09,49.769516797738206,0.7996206765365278
2016-03-10,27.070125139845903,0.41182834108888505
2016-03-11,16.65050230785985,0.23663128116290816
2016-03-12,10.80700608039049,0.1399567261557979
2016-03-13,7.321152308656473,0.08372949388862569
2016-03-14,5.327036325377115,0.052053233942970664
2016-03-15,4.1414362261818285,0.03359479911402659
2016-03-16,3.40168528838118,0.022439540259344186
2016-03-17,2.955768630230267,0.01595675670973551
2016-03-18,2.65753689268935,0.011961668625575211
2016-03-19,2.4572373352621577,0.009515812103698623
2016-03-20,2.314334078699309,0.007999274444087089
2016-03-21,2.2078995297960406,0.007076890650330384
2016-03-22,2.342297742281243,0.010305951909098993
2016-03-23,2.104967443625036,0.007208610762919746
2016-03-24,2.039371261264639,0.006620511282813807
2016-03-25,1.942204358588695,0.0059651261877159455
2016-03-26,1.8714210319863542,0.005578531206839612
2016-03-27,1.8107719275420675,0.005320497738849148
2016-03-28,1.756684973244393,0.005138949311032569
2016-03-29,1.7034328188137513,0.0049641088157863535
2016-03-30,1.652884293401955,0.004805182542597127
2016-03-31,1.6036919715106634,0.004656310091708613
2016-04-01,1.5561287757690248,0.004515294902447005
2016-04-02,1.509990492333054,0.0043799824086856
2016-04-03,1.4654679470912282,0.004250172555847534
2016-04-04,1.422158941101491,0.004124241819864046
2016-04-05,1.3801873905435331,0.004002425658964759
2016-04-06,1.3395211763200763,0.0038844949055559077
2016-04-07,1.3001052400717066,0.003770236188837247
2016-04-08,1.2619218405294756,0.0036595695855696883
2016-04-09,1.2322651826448967,0.0037722828865365465
2016-04-10,1.2482639598585048,0.005046712600627388
2016-04-11,1.184618169583778,0.0043431230374622026
2016-04-12,1.1395787371388377,0.003946736695983082
2016-04-13,1.0957506962917432,0.0035216285411123057
2016-04-14,1.084648531698438,0.0037401711899283352
2016-04-15,1.2640201723629618,0.009507648036947515
2016-04-16,1.0894929976092547,0.0064121761990310324
2016-04-17,1.0150909342303471,0.004538652268298409
2016-04-18,0.9554483589136463,0.003460451638173719
2016-04-19,0.9156654348880361,0.002956925519954007
2016-04-20,0.896631962445257,0.003020198765485807
2016-04-21,0.8731027974509665,0.0030203627198746256
2016-04-22,0.8393067275430246,0.0027230266467752015
2016-04-23,0.8108725789177199,0.0024926132615765775
2016-04-24,0.7855250724368179,0.0023417762023312688
2016-04-25,0.7616410642219176,0.0022374843638962353
2016-04-26,0.7392892385433149,0.002157435281634787
2016-04-27,0.71814090580297,0.002102349469370587
2016-04-28,0.8417488554486848,0.005882224023435673
2016-04-29,0.735438765365336,0.003899937565345246
2016-04-30,0.6844203204965447,0.0028268622907768022
2016-05-01,0.655251242205421,0.002432696284412238
2016-05-02,0.6256359317065147,0.002052721869579394
2016-05-03,0.6096830582634061,0.0020203323598668894
2016-05-04,0.588010893688753,0.0018598597271147375
2016-05-05,1.2561281817010232,0.023416246218025807
2016-05-06,0.7885503544041588,0.009546413025796327
2016-05-07,0.6422874346804027,0.005092463087840794
2016-05-08,0.5612010060645689,0.00308682626998273
2016-05-09,0.52005281488797,0.0021735659388346113
2016-05-10,0.49565180276723525,0.0017448332999701695
2016-05-11,0.4782090371545802,0.0015311729382426512
2016-05-12,0.46324173870118346,0.0014124156784932286
2016-05-13,0.4495460434641193,0.0013374506953379318
2016-05-14,0.4365305485211696,0.001282995633822045
2016-05-15,0.42399265509988715,0.0012386342503498834
2016-05-16,0.4121498952181931,0.0012004813409403914
2016-05-17,0.4004625803720318,0.0011646958653633171
2016-05-18,0.389116081653118,0.0011309527703983729
2016-05-19,0.37804916895021856,0.0010983655648594865
2016-05-20,0.36751497394041804,0.001069975177768596
2016-05-21,0.35710234648951766,0.0010386494150198798
2016-05-22,0.36479048968463373,0.0015880424655224678
2016-05-23,0.36587557419225136,0.001926796070968721
2016-05-24,0.34860122499490254,0.0016416285068726344
2016-05-25,0.32863821388675457,0.0012657521516337355
2016-05-26,0.31434523363412437,0.0010731305010215132
2016-05-27,0.3041244607806397,0.0009868941128883956
2016-05-28,0.2940620800585162,0.0009153280172966988
2016-05-29,0.28543417683067124,0.0008638365256648324
2016-05-30,0.2770653491160494,0.0008241573898631391
2016-05-31,0.2692125121415583,0.000792788072177099
2016-06-01,0.29496856186404896,0.0017179627663581787
2016-06-02,0.3579613348117977,0.0035233232743695146
2016-06-03,0.3611406139146992,0.003944028646177231
2016-06-04,0.9024058060475819,0.019342364422327375
2016-06-05,0.48296901703239076,0.007521163632899928
2016-06-06,0.36962480396672387,0.0043555202908005745
2016-06-07,0.2855811073858783,0.002463924380094184
2016-06-08,0.24215713025814267,0.0015133076651361178
2016-06-09,0.22045334601853958,0.0010476196658935541
2016-06-10,0.2082896954893986,0.0008126124190131867
2016-06-11,0.20018209067607579,0.0006885408939222844
2016-06-12,0.19476870989387993,0.0006304927309736026
2016-06-13,0.20058575425450023,0.0008898833774799275
2016-06-14,0.23928342221233037,0.002036474865616593
2016-06-15,0.20918844267915068,0.0013848396561548946
2016-06-16,0.1985417305880136,0.0011672563559730425
2016-06-17,0.18328319327475007,0.0009054868585568481
2016-06-18,0.17327885451748146,0.0007357762663993323
2016-06-19,1.9830703611076752,0.048247720446133215
2016-06-20,14.78380472004406,0.41740523019244685
2016-06-21,9.575659884448655,0.24402199870597416
2016-06-22,5.261043154107477,0.10390028854174017
2016-06-23,2.672958789634804,0.04290315349191073
2016-06-24,1.524242229892955,0.018404942576725206
2016-06-25,1.0545249421727514,0.00877496615064106
2016-06-26,0.8685924495164867,0.004995813519808425
2016-06-27,0.7874018289595208,0.0034209094731136266
2016-06-28,0.7760746646617599,0.003589600860725966
2016-06-29,0.7293360683432815,0.002849755539304791
2016-06-30,0.6998107535673277,0.0024214262854943963
2016-07-01,0.6745947906207217,0.0021806962093333816
2016-07-02,0.654173168378709,0.002057506608654075
2016-07-03,0.633810951759102,0.0019567223120039064
2016-07-04,0.6151982049511937,0.001877667226103449
2016-07-05,0.6066529725181709,0.002000631265798245
2016-07-06,0.588867143736924,0.00197051075994092
2016-07-07,0.5688629769544629,0.0018231307659050946
2016-07-08,0.5494817402605268,0.0017141894791110333
2016-07-09,0.5317875265651252,0.0016328447733049156
2016-07-10,0.5170000845524239,0.0015888232764000839
2016-07-11,0.5013059945897509,0.0015319627657059724
2016-07-12,0.486890379611925,0.0014795173829792575
2016-07-13,0.47297995027030765,0.0014416451460325219
2016-07-14,0.4592473266648507,0.0013954178321933892
2016-07-15,1.6724805047652935,0.02628250834538445
2016-07-16,152.317041727892,3.3949290223151474
2016-07-17,44.74376184177812,1.03609598107355
2016-07-18,30.75036182599702,0.6734004449777876
2016-07-19,15.525598170438647,0.3325786528167024
2016-07-20,8.762333759480203,0.1778158191284398
2016-07-21,5.338680412172627,0.09857604147324918
2016-07-22,3.551077217843142,0.056424837978697254
2016-07-23,2.537327375076546,0.032914618397826785
2016-07-24,1.9528824649484855,0.01978481407059358
2016-07-25,1.6210665627116305,0.01256246676645461
2016-07-26,1.425634692859254,0.008527282120131086
2016-07-27,1.3069087875734866,0.0062778551588323125
2016-07-28,1.2280912040283147,0.005006170932185912
2016-07-29,1.1715055638857241,0.004276946912014833
2016-07-30,1.1268125432168148,0.0038438641568019276
2016-07-31,1.0887357703821614,0.0035714656920292427
2016-08-01,1.055733196834853,0.004343737268385231
2016-08-02,1.022998152304129,0.00397147194562591
2016-08-03,0.9923677467909893,0.003540338597347253
2016-08-04,0.9627845237361903,0.0032375064467780046
2016-08-05,0.9346153592767775,0.0030379595064042673
2016-08-06,0.9084121103749203,0.0035456033551572634
2016-08-07,0.8829542292676359,0.004913138275439954
2016-08-08,0.8561556415868216,0.003986133530436006
2016-08-09,0.8320949422147639,0.003881341805691912
2016-08-10,0.8064714208816735,0.0032788067723835265
2016-08-11,0.7834864925980188,0.0034947679224582016
2016-08-12,0.7599090750157356,0.0030090071976065875
2016-08-13,0.737556825155637,0.0026351234539097514
2016-08-14,0.7158764221212162,0.0024031271734677156
2016-08-15,0.6952055516138231,0.0022569424155986237
2016-08-16,0.6921084255119996,0.010790728098179464
2016-08-17,0.7432964092193535,0.052759461100501226
2016-08-18,0.6723823552547106,0.03123093632172675
2016-08-19,0.7179872092521915,0.05750177594950091
2016-08-20,0.6814918513919479,0.06774433575602312
2016-08-21,0.6195732617716343,0.037330462046455355
2016-08-22,0.5860165717698714,0.01925545678846764
2016-08-23,0.5594097235411604,0.010544204555582064
2016-08-24,0.548880198328415,0.013484341038158947
2016-08-25,0.630736855609448,0.0558250640123194
2016-08-26,0.5467276779103213,0.03109873616481792
2016-08-27,0.5113915661864168,0.017218762785638348
2016-08-28,0.4844883091604037,0.009061073956211295
2016-08-29,0.46550481022075935,0.005016011470172753
2016-08-30,0.4511443317623072,0.003647677639807701
2016-08-31,0.43685088518594173,0.0026099695686230026
2016-09-01,0.42406808519231937,0.001974144015810539
2016-09-02,0.44678320263594495,0.008109898034278279
2016-09-03,0.4519595784070325,0.010579646219206717
2016-09-04,0.4115360115339289,0.005744663540311028
2016-09-05,0.3886770831651756,0.003409040282726002
2016-09-06,0.37169108731323086,0.0022221710877733257
2016-09-07,0.37537032252073566,0.004447777495345586
2016-09-08,0.395783891296526,0.009215470803585106
2016-09-09,0.6148642309379125,0.05257359193996935
2016-09-10,0.574325603991813,0.04928576218561709
2016-09-11,0.4444765664102304,0.02334048908281104
2016-09-12,0.372089411749261,0.011886899872274086
2016-09-13,0.3295820897264233,0.006674361781583364
2016-09-14,0.30823145483184217,0.0046795315995754195
2016-09-15,0.28957472397249834,0.0024265197820069768
2016-09-16,0.31647060844171365,0.009017411546159973
2016-09-17,0.28533193019103964,0.004395709577050372
2016-09-18,0.27405911806043903,0.003237398005307267
2016-09-19,0.28248959818745534,0.006048742006607567
2016-09-20,0.26041207558838414,0.003312915041368053
2016-09-21,0.24726485158394107,0.0020992337031018366
2016-09-22,0.24114990737789224,0.0025249302134339813
2016-09-23,0.2292151937160454,0.0012964104348973538
2016-09-24,0.22133512523513904,0.0009598815336932258
2016-09-25,0.21472743151980866,0.0008059024643454058
2016-09-26,0.20861425726969576,0.0007206929168337785
2016-09-27,0.2030242018177542,0.0006700388901978532
2016-09-28,0.19758842068392155,0.0006361007375413638
2016-09-29,0.19267023490355933,0.0006119721324503522
2016-09-30,0.19597226112929172,0.0020602547550459863
2016-10-01,0.18597347104076511,0.0011210378825119093
2016-10-02,0.17938844312709346,0.0008486716672987856
2016-10-03,0.17373234296100246,0.0006900352600027411
2016-10-04,0.20681954676118916,0.0014893142966186036
2016-10-05,0.1814432594606087,0.0010991759496738155
2016-10-06,0.17176133425873344,0.0008894492620171102
2016-10-07,0.1619272424552395,0.0007207364729526256
2016-10-08,0.15448307018588733,0.0006079382585925833
2016-10-09,0.14874759081654873,0.0005363577420010927
2016-10-10,0.14404393822487602,0.0004905409950185076
2016-10-11,0.13995437990967113,0.0004599524133963071
2016-10-12,0.1370468577706668,0.00045555868778619703
2016-10-13,0.13330524658602572,0.00043923802608113074
2016-10-14,0.12999992611887096,0.00042178453613442903
2016-10-15,0.15023195095535122,0.001008170137620428
2016-10-16,0.13725469352971528,0.0008239956932522885
2016-10-17,0.15825649774142292,0.0013989142510053786
2016-10-18,0.1364771488539871,0.0010053082595398118
2016-10-19,0.1237468249047758,0.0007233230474106555
2016-10-20,0.11675872707408665,0.000567773888003726
2016-10-21,0.11057373101413358,0.0004522172451058742
2016-10-22,0.10644836988025708,0.00039080536459463626
2016-10-23,0.10334541173226341,0.00037427852445715676
2016-10-24,0.1529941844869718,0.0016656486899487937
2016-10-25,0.11669064819362258,0.0011349234645855538
2016-10-26,0.09446894723795356,0.0007728577793961433
2016-10-27,0.07473111948388604,0.0005086852955972547
2016-10-28,0.05925248854307473,0.0003378562268713544
2016-10-29,0.04744122387221707,0.00023105337576926358
2016-10-30,0.03836262137414089,0.00016411181721024838
2016-10-31,0.03182548492443789,0.00012334019958512801
2016-11-01,0.02743050399830471,9.88005729233698e-05
2016-11-02,0.02477674027852348,8.420298090225239e-05
2016-11-03,0.029460314901878632,0.00012754857753504917
2016-11-04,0.3401657732462015,0.0044181047211190915
2016-11-05,0.1276605359637296,0.0015687619555517314
2016-11-06,0.07149101011273622,0.0007579051135641257
2016-11-07,0.047666503992810694,0.00044029745409702157
2016-11-08,0.03526549179059273,0.0002776625080347159
2016-11-09,0.028621920219605024,0.00018986082089077777
2016-11-10,0.024912917585005273,0.0001399735266333002
2016-11-11,0.025631774575845694,0.00013587473074462398
2016-11-12,0.0690323886355976,0.000568382864909824
2016-11-13,0.05834453001050549,0.00048103885950357436
2016-11-14,0.08070985567357876,0.0007985424935153758
2016-11-15,0.05625969557944697,0.0005226077149608335
2016-11-16,0.04312883793896568,0.0003721281573253638
2016-11-17,0.03372298494039955,0.0002600039889504654
2016-11-18,0.034945809681657225,0.0002631291259991609
2016-11-19,0.04162460924582206,0.00033348751432002926
2016-11-20,0.06685158488437189,0.0006729403839060281
2016-11-21,0.1928364324476079,0.00224484032504333
2016-11-22,0.13151804814453116,0.001470386942246201
2016-11-23,0.08487762974166356,0.0008979414124939202
2016-11-24,0.05727773271421849,0.0005651484004082976
2016-11-25,0.04053773972877435,0.0003591182982995237
2016-11-26,0.03133416952680376,0.00024055206556571271
2016-11-27,0.03800133490468117,0.0003113741231323323
2016-11-28,0.0352538784639777,0.0002700839429738013
2016-11-29,0.02934499754874512,0.00020046470061168713
2016-11-30,0.025405566263650377,0.0001525542873884923
2016-12-01,0.02264652534122089,0.00011912385431929023
2016-12-02,0.020883373228937508,9.689541085748635e-05
2016-12-03,0.019765773351079433,8.224709588597037e-05
2016-12-04,0.019088167872751638,7.257698850192965e-05
2016-12-05,0.018612296829068578,6.598543332111055e-05
2016-12-06,0.03007532601106806,0.00023919235057349585
2016-12-07,0.03010238830250921,0.00025809999614641283
2016-12-08,0.03009277895819193,0.00026398753623816615
2016-12-09,0.026695219659866893,0.000215393398456274
2016-12-10,0.08056506545416041,0.0017889702617137813
2016-12-11,0.18796206473267021,0.004853507682700057
2016-12-12,0.7434720846307824,0.018212628370539597
2016-12-13,1.746116176004956,0.03954798988563749
2016-12-14,1.33523219959264,0.02763701709420387
2016-12-15,0.6962897547515778,0.011047823438935735
2016-12-16,0.5536753137423785,0.006752969691662167
2016-12-17,0.8287017552454303,0.013217739219266661
2016-12-18,0.5055395590319682,0.005673909680259929
2016-12-19,0.38336724337466205,0.002840083547289018
2016-12-20,0.34330030250037497,0.0018881507462062011
2016-12-21,0.3113225473180664,0.0012524648722727228
2016-12-22,0.2941716121230486,0.0009344468390571643
2016-12-23,0.28204614134548417,0.0007593264097666042
2016-12-24,0.27756520832731785,0.0007648090919168286
2016-12-25,0.27798069492955785,0.0008908531409498681
2016-12-26,0.2754740167356714,0.0009943894922276346
2016-12-27,0.3132982093654191,0.00204943238204353
2016-12-28,0.5734058618767129,0.008924197115466903
2016-12-29,0.5434938414995274,0.007738919178504192
2016-12-30,0.40034430579406455,0.004672650192495992
2016-12-31,0.34506753332544515,0.0033561676900816773
2017-01-01,0.3882657894213145,0.004472310536862504
2017-01-02,0.29960135609818,0.0025964635552800635
2017-01-03,0.30253510588968585,0.0027923895799669214
2017-01-04,16.61420699137368,0.44446815146627705
2017-01-05,15.154588924428621,0.37838762168914525
2017-01-06,73.0318541004822,1.796733023062157
2017-01-07,162.56203529258957,4.0405105696911905
2017-01-08,47.60239114391313,1.1515324135007505
2017-01-09,27.38138748976721,0.6161260983830603
2017-01-10,13.616299178523276,0.28896840162320436
2017-01-11,7.924711068436901,0.15180031933202243
2017-01-12,5.202762623057854,0.08591378277868178
2017-01-13,3.7350714696889993,0.05057835294786758
2017-01-14,2.8979727960313215,0.03099607214344693
2017-01-15,6.579302734651883,0.1192936322823738
2017-01-16,5.867804122917251,0.10278314574859014
2017-01-17,9.49761647346789,0.19495182106997624
2017-01-18,7.603457369898447,0.15296131165364474
2017-01-19,5.423913676914176,0.09554857766718415
2017-01-20,3.692383258901283,0.05389760818700102
2017-01-21,2.7070318197463767,0.03071977029910679
2017-01-22,2.1632379640246087,0.018201512809628534
2017-01-23,1.960165074271093,0.013954052355422436
2017-01-24,1.8228794180000454,0.011229401586506581
2017-01-25,1.6180273885197305,0.007183158327002161
2017-01-26,1.5191884077136224,0.005442040730764288
2017-01-27,1.4487608686544193,0.004586553135808243
2017-01-28,1.3954737098712164,0.004143400241508924
2017-01-29,1.3655451913268104,0.004262286804635288
2017-01-30,1.9312700209760907,0.017975345535449692
2017-01-31,25.410657545813162,0.5936877750907662
2017-02-01,25.16980237895661,0.7006168564860406
2017-02-02,17.041864629580484,0.4618079026749822
2017-02-03,10.090568973935467,0.2503071444185305
2017-02-04,5.88722192732305,0.1299871778476595
2017-02-05,3.6770422602954373,0.06864399230692092
2017-02-06,2.511364074684823,0.03700081537350701
2017-02-07,1.9080240124967005,0.020863803893099934
2017-02-08,1.5778225098268217,0.012358633095997952
2017-02-09,1.5481268545848885,0.012832921696397593
2017-02-10,1.4128660165992448,0.009408485111787065
2017-02-11,1.278116115776445,0.006324273574445884
2017-02-12,1.1947280615982088,0.00457190257599007
2017-02-13,1.137335818525138,0.0037343943213171272
2017-02-14,1.0950773462777852,0.0033135869207498547
2017-02-15,1.464840807218625,0.013954930370078163
2017-02-16,1.987584252515982,0.028928898268079428
2017-02-17,1.4379335542884752,0.015090810234385948
2017-02-18,1.1456439907784262,0.007769951601715252
2017-02-19,1.0097199969330772,0.004765566227835246
2017-02-20,1.1457130997586544,0.009711317057096552
2017-02-21,0.9897325059204914,0.005928672954794191
2017-02-22,0.9251826384009019,0.004153535286055042
2017-02-23,0.9441036686944911,0.00533965430279756
2017-02-24,0.857805115562612,0.0037521233441098227
2017-02-25,0.8159670352629338,0.0029914435686344003
2017-02-26,0.7808374680514534,0.0025978858362967166
2017-02-27,0.7491764461489476,0.0022298190831031794
2017-02-28,0.7262744027749487,0.0020875359162709937
2017-03-01,0.7836627205547733,0.0029408159260759996
2017-03-02,0.75690741791969,0.00267100705902463
2017-03-03,0.7638932519324514,0.0028945873629749154
2017-03-04,0.8407341454214385,0.004143150227497383
2017-03-05,0.7127319801714974,0.002876421406254666
2017-03-06,0.6646070668697297,0.0024702612427084706
2017-03-07,0.608597854433967,0.0019448013447346606
2017-03-08,0.9310750036485298,0.006097653761758796
2017-03-09,0.8688704703529225,0.0056433292019729235
2017-03-10,0.7800141810272597,0.004616122319267005
2017-03-11,0.6185297979865217,0.00274066743604613
2017-03-12,0.5556187538877349,0.002041061756815216
2017-03-13,0.5167448838335961,0.0016679176778444825
2017-03-14,0.49261596485282283,0.0014735842772493739
2017-03-15,0.5007165134190106,0.0016659651761674855
2017-03-16,0.5221819896004407,0.0020716837499320405
2017-03-17,0.47603827172947555,0.001646290087019077
2017-03-18,0.45299105008361146,0.0014823459015535173
2017-03-19,0.5837391839821676,0.0028759734536473133
2017-03-20,2.0567652595891928,0.02200664086833261
2017-03-21,16.983604647142084,0.21881227546704346
2017-03-22,9.253525609661246,0.12058213733928287
2017-03-23,87.10913332774562,1.0951878605284813
2017-03-24,112.05672534978972,1.4269083828369604
2017-03-25,41.613120402588684,0.5453899538649066
2017-03-26,20.17148309232375,0.2571320605968623
2017-03-27,10.7778451354994,0.1268788760638145
2017-03-28,288.64765706539936,3.5713966632274867
2017-03-29,1011.5093423569606,12.402420160504233
2017-03-30,984.3196702936543,12.110503179885331
2017-03-31,161.13990529375747,2.2197215644800146
2017-04-01,61.94260370023877,2.1179446422862527
2017-04-02,21.170536366674845,1.154632712856905
2017-04-03,11.662005538678649,0.7127645351670524
2017-04-04,7.718112477537574,0.4365783886429294
2017-04-05,5.652272376651133,0.26995347483384985
2017-04-06,4.573345597632062,0.1820203830122806
2017-04-07,3.713334659121291,0.10945648290873368
2017-04-08,3.207086210695619,0.06699361585500585
2017-04-09,2.8772595020275613,0.041970239828423885
2017-04-10,2.6570012914164876,0.02714338467728266
2017-04-11,2.5012257887819382,0.018352043875989942
2017-04-12,2.383788382117162,0.013168643242538192
2017-04-13,2.2889627358272424,0.010127675361330192
2017-04-14,2.209318904511307,0.008426452258571814
2017-04-15,2.1358272794714996,0.00733804378671794
2017-04-16,2.0690879726842932,0.006670720975905919
2017-04-17,2.006486318911104,0.006313689713487956
2017-04-18,1.9807968522406754,0.009323400345147843
2017-04-19,1.9034419488625658,0.007457284425694526
2017-04-20,1.8411976515840813,0.006554318111653797
2017-04-21,1.7824409650874828,0.005872238188952612
2017-04-22,1.7806860568781764,0.010455211446263782
2017-04-23,1.8688530019000182,0.02306617806166107
2017-04-24,1.7244821435529947,0.015163842150954029
2017-04-25,1.6130731153181104,0.00888151473335311
2017-04-26,1.5430750787213685,0.006234480173738106
2017-04-27,1.4878350089811692,0.005106198021453396
2017-04-28,1.4411430327671577,0.004609802464034669
2017-04-29,1.4025991401792297,0.004592485203731345
2017-04-30,1.3584910881879668,0.004306537734193207
2017-05-01,1.3169043427759053,0.004046904168097182
2017-05-02,1.2829405286295736,0.003961985658358699
2017-05-03,1.2412837175265587,0.0037677919053960263
2017-05-04,1.2245328106394753,0.003952318810218585
2017-05-05,1.1805650362655395,0.003740025765838992
2017-05-06,1.1444343035870201,0.0035960576287809394
2017-05-07,1.103856896010748,0.003380073909255835
2017-05-08,1.0693682562988454,0.003237383374965078
2017-05-09,1.0511485700485381,0.0033549976785422204
2017-05-10,1.1538704613368596,0.005419764153726707
2017-05-11,1.0346616945588873,0.004120419472628671
2017-05-12,0.9794617925594654,0.0034216817669917824
2017-05-13,0.9682458195185661,0.003615464405918224
2017-05-14,0.9129297373235183,0.0030956443163828356
2017-05-15,0.8759323720057595,0.0028053343418579413
2017-05-16,0.8459573501868686,0.0026237850575297453
2017-05-17,0.8185628811151489,0.002496919756209163
2017-05-18,1.437760847551479,0.013174473814070333
2017-05-19,103.51596032090683,1.869999618194413
2017-05-20,31.9599708026757,0.5755826958025686
2017-05-21,23.129180518806432,0.40900649547879875
2017-05-22,8.66152053201368,0.14279696152321825
2017-05-23,4.174972972537852,0.060267634154862235
2017-05-24,2.480599371618583,0.029218186558906012
2017-05-25,1.7277467274589968,0.015565447675979735
2017-05-26,1.371576616289851,0.009198149228649229
2017-05-27,1.1909098479033984,0.006087492898784921
2017-05-28,1.0913726299266937,0.0045141926575427305
2017-05-29,1.030537595317384,0.0037021275876365774
2017-05-30,0.9870482057035546,0.0032543933326943542
2017-05-31,0.953668592944239,0.003014955868989315
2017-06-01,0.922673245755107,0.004098794793048393
2017-06-02,0.8948181110591025,0.0038577562219688027
2017-06-03,0.8678654219074812,0.0033493510887018835
2017-06-04,0.8420325949497371,0.0029374469846703707
2017-06-05,0.8173056067753015,0.0026615208866768944
2017-06-06,0.7947976185355922,0.006039499131330381
2017-06-07,0.7708270581518392,0.004872328997958088
2017-06-08,0.7483322620761558,0.003567726257517755
2017-06-09,0.7262768093644875,0.0027969554745191604
2017-06-10,0.7066147393980776,0.014685290299222682
2017-06-11,0.6855586897806192,0.0103035120206887
2017-06-12,0.6900383621741624,0.08108547799482983
2017-06-13,0.6551430942453548,0.04851646407883494
2017-06-14,0.6316057811120166,0.024483418965009194
2017-06-15,0.6106033233597623,0.011974599208359233
2017-06-16,0.5917572559693809,0.006239084317737437
2017-06-17,0.5752970603827653,0.006674613456882908
2017-06-18,0.5585274464459651,0.00753345434862322
2017-06-19,0.5422611232389473,0.005136684670920447
2017-06-20,0.5265793027839317,0.0034242494856279847
2017-06-21,0.5122836508875536,0.00648005133625709
2017-06-22,0.4991428215232234,0.008380725332854734
2017-06-23,0.4834371816080777,0.004712553695083608
2017-06-24,0.4747876849067687,0.05069968346756803
2017-06-25,0.4589985254187382,0.03427170006019152
2017-06-26,0.44595427715582514,0.022745489249733443
2017-06-27,0.4314414600332806,0.013085145949465514
2017-06-28,0.42864900301882725,0.04417558454630112
2017-06-29,0.4100727660579366,0.03007460672839844
2017-06-30,0.39576156084983327,0.016098078640222
2017-07-01,0.38378111563243295,0.00843557533083699
2017-07-02,0.37247092248118585,0.004607928968175857
2017-07-03,0.36169189008851926,0.0027544972431047306
2017-07-04,0.3512721520981822,0.0018557779182854942
2017-07-05,0.3413338931221096,0.0014114776360408558
2017-07-06,0.3322794477902622,0.0011879910558109752
2017-07-07,0.3228564472020856,0.0010633565689768178
2017-07-08,0.3139274910698509,0.000988239901876567
2017-07-09,0.3050778501673051,0.0009373145130436342
2017-07-10,0.29656520169067413,0.0008994169682699336
2017-07-11,0.2891546832489325,0.0008756964589622008
2017-07-12,0.2807494414888064,0.0008481436149220534
2017-07-13,0.2814183775063639,0.0009128186663258294
2017-07-14,0.26967200628890836,0.0008543411076036718
2017-07-15,0.3608874568551191,0.0018383046270777723
2017-07-16,0.29886509562414637,0.0013054000043296165
2017-07-17,0.26799160094262703,0.0010285430819238278
2017-07-18,0.24931431631990286,0.0008768269472933692
2017-07-19,0.2361216792010505,0.0007800550304160069
2017-07-20,0.2266418490890984,0.0007188658186879828
2017-07-21,0.21919840094059997,0.0006781418370729718
2017-07-22,0.21272314428482228,0.0006484772477874947
2017-07-23,0.20674087420589032,0.0006248694569248158
2017-07-24,0.20224724362122995,0.0006156341464751071
2017-07-25,0.1964932052934719,0.0005976887733912697
2017-07-26,0.1912993715714098,0.0005792574812384943
2017-07-27,0.1858559474718876,0.0005603149116794147
2017-07-28,0.18064385103538275,0.0005428697359639637
2017-07-29,0.17575810362228686,0.0005270744656157863
2017-07-30,0.17105427964020947,0.0005122988604349567
2017-07-31,0.16652538871479097,0.0004983205094974949
2017-08-01,0.16213723852066575,0.00048495602370654095
2017-08-02,0.15812882508822487,0.00047285995581932663
2017-08-03,0.15624427002325447,0.0018650901153862808
2017-08-04,0.1514067342158057,0.0015765990545218084
2017-08-05,0.1471045340677217,0.0011558046688431396
2017-08-06,0.14323130826893557,0.0009594774973157106
2017-08-07,0.14042495693358106,0.0023539231061985503
2017-08-08,0.13834504840454556,0.003462934217392725
2017-08-09,0.13344456735349322,0.0019838990790849494
2017-08-10,0.12958653302584586,0.0012787069155958263
2017-08-11,0.12575843398940506,0.0008654899241179194
2017-08-12,0.12228829380051279,0.0006330759713682285
2017-08-13,0.1191124364045663,0.0005027314910808355
2017-08-14,0.11615627551005402,0.00042812385556995026
2017-08-15,0.11323959783795251,0.0003834176221277973
2017-08-16,0.1109333760725122,0.0006209760460561258
2017-08-17,0.10811509453128959,0.0006351885441460436
2017-08-18,0.1054915184691485,0.0005557689052157542
2017-08-19,0.10288971778182503,0.00046660800092783607
2017-08-20,0.10041207719218456,0.0003975818918044287
2017-08-21,0.09806658807719107,0.00035051091738211293
2017-08-22,0.09565058845859999,0.0003190030422176832
2017-08-23,0.09347311899659255,0.00029835759261182166
2017-08-24,0.09122964268306434,0.0002835064617919968
2017-08-25,0.08902806291097938,0.0002723064168840175
2017-08-26,0.08703964495964303,0.00026375019050809724
2017-08-27,0.08518622880855843,0.00025674059088040427
2017-08-28,0.0831998882719429,0.00024991722949662944
2017-08-29,0.08127972542756853,0.00024368314531976508
2017-08-30,0.07943333962347406,0.0002378889520460103
2017-08-31,0.0772731496276596,0.0002318648986024248
2017-09-01,0.07366999363996397,0.00022396204089668165
2017-09-02,0.06679987326310147,0.00020731628553608504
2017-09-03,0.057469631466478134,0.00018393786550249415
2017-09-04,0.047504408384341064,0.00015517726022177864
2017-09-05,0.0390908817766186,0.0001281000030885847
2017-09-06,0.03288809494380852,0.0001475689101254793
2017-09-07,0.02858913592869888,0.00013164700199927594
2017-09-08,0.026175402750249373,0.00015726103016709754
2017-09-09,0.024690310314494524,0.0001606259230720035
2017-09-10,0.02380632681411395,0.0001477392368394105
2017-09-11,0.023211177161975596,0.00012908057204814508
2017-09-12,0.022731264393240004,0.0001111262524449256
2017-09-13,0.02243590075706385,9.683560949310859e-05
2017-09-14,0.022087621376716493,8.577090208643768e-05
2017-09-15,0.02188209473515118,7.813943141845458e-05
2017-09-16,0.021746352743016093,7.294704574058495e-05
2017-09-17,0.021631727285432657,6.941154895547938e-05
2017-09-18,0.021514714060477672,6.696708464573527e-05
2017-09-19,0.0214895977452043,6.556919430179518e-05
2017-09-20,0.021377922308585595,6.435805768072589e-05
2017-09-21,0.02115910309214992,6.314586439076458e-05
2017-09-22,0.02108022091955736,6.259964827301265e-05
2017-09-23,0.02094440248981477,6.198507925115059e-05
2017-09-24,0.020721419430639206,6.119100294091303e-05
2017-09-25,0.0205395584879103,6.059359012018277e-05
2017-09-26,0.020377642318860047,6.007761518237824e-05
2017-09-27,0.02041972191767245,0.000113192084412544
2017-09-28,0.0202696819827946,0.0001231138723227778
2017-09-29,0.020069434606403504,0.00011603291742776354
2017-09-30,0.020019542284207804,0.00010448179034985177
2017-10-01,0.02005311977475346,9.324624009208418e-05
2017-10-02,0.02111239009522914,0.00014381588526943343
2017-10-03,0.05761393929202838,0.0019856712042661704
2017-10-04,0.04240066795881021,0.0014804765613948504
2017-10-05,0.0896209626909229,0.0044678970041213744
2017-10-06,0.05799293800212204,0.0029466526465224256
2017-10-07,0.04517651444595557,0.002003653754184106
2017-10-08,0.03516306080286849,0.0013017009115668507
2017-10-09,0.028446442991957234,0.0008482372346790815
2017-10-10,0.02434758649050589,0.0005669159301098349
2017-10-11,0.02198478741366566,0.0003909118396527851
2017-10-12,0.020590112251035513,0.00027807999953089103
2017-10-13,0.019745204267129408,0.00020424244945195752
2017-10-14,0.14745043466791805,0.006344909955599512
2017-10-15,0.09459006670398028,0.004315987162248906
2017-10-16,0.06602934650542037,0.00285291328982215
2017-10-17,0.17892685432542482,0.01062930241569394
2017-10-18,0.6032906077919153,0.03652574977392949
2017-10-19,2.2324296637349166,0.10787615189892934
2017-10-20,1.0337680626617562,0.048933412691368736
2017-10-21,0.8256028788290346,0.029022678615372853
2017-10-22,0.6618858352924182,0.02047209819076251
2017-10-23,0.42924350281059714,0.010164416934804311
2017-10-24,0.36109836451880895,0.007619065103784889
2017-10-25,0.30515722798700706,0.004671141144671567
2017-10-26,0.28155814315830224,0.0030120354872384923
2017-10-27,0.26208441863779236,0.002057815100491102
2017-10-28,0.24886653015909987,0.0015338189505880778
2017-10-29,0.23926830368900845,0.0012414952369755384
2017-10-30,0.23134926720075116,0.0010748856754993056
2017-10-31,0.24624057704124205,0.0016370440240621766
2017-11-01,0.8341222000563044,0.15588108854228694
2017-11-02,0.44054329687242755,0.07477351229818745
2017-11-03,0.32937226869324976,0.03990227539833296
2017-11-04,0.2580884023161975,0.02032634064941652
2017-11-05,0.22133343681646006,0.010657341379093906
2017-11-06,0.20527940155994598,0.006409359968830176
2017-11-07,0.1921052273065693,0.003591297095427956
2017-11-08,0.18598390005023233,0.0025906013577782702
2017-11-09,0.3737563304092714,0.05912414672060151
2017-11-10,0.26404915187796085,0.03347987655547906
2017-11-11,0.21463949290952306,0.01837216557068853
2017-11-12,0.32530688674560815,0.042617881143826655
2017-11-13,0.2591356288280199,0.035283314396226347
2017-11-14,0.2822779560373761,0.04235747662781074
2017-11-15,0.2168062990064346,0.024821251057255946
2017-11-16,0.18424813696360234,0.014869921303147024
2017-11-17,0.16176636388763646,0.008579819492936257
2017-11-18,0.14886234754046843,0.005143341823434847
2017-11-19,0.14017832131750627,0.0031519546075364927
2017-11-20,0.42482277883442754,0.07775997365524308
2017-11-21,0.38969650937353106,0.07014044360930502
2017-11-22,0.32732270520164264,0.06096754063389565
2017-11-23,0.23668324014108436,0.03970759067075978
2017-11-24,0.19770133631362952,0.027046964295726707
2017-11-25,0.15512214803105456,0.014862036682531948
2017-11-26,0.13250573524949827,0.008464729370256434
2017-11-27,0.11885670245902163,0.004962031322149592
2017-11-28,0.11066255240162927,0.0030231932766573537
2017-11-29,0.1256361271725742,0.008095137913262346
2017-11-30,0.33340654681739407,0.06221757091642114
2017-12-01,0.29681942592080773,0.05246820581839667
2017-12-02,0.3784137693126726,0.06044560795654473
2017-12-03,0.41022578009434163,0.064018599285612
2017-12-04,3.954981587379113,0.5218929027892788
2017-12-05,5.248370116077763,0.5579368062833204
2017-12-06,2.86737942826058,0.21822192995172804
2017-12-07,1.8338958064615913,0.09352695111384442
2017-12-08,1.07204894240398,0.037935490716955414
2017-12-09,0.7277135828865144,0.016351844911046406
2017-12-10,0.6399142023324178,0.015416875300726798
2017-12-11,0.5714004625459207,0.01001352341149051
2017-12-12,0.5336024520271309,0.006156492320315283
2017-12-13,0.5176869231389204,0.00604709206744435
2017-12-14,0.49640027713002205,0.004513594750805632
2017-12-15,0.4743443841652075,0.0028111712434047173
2017-12-16,0.462905588506722,0.0030849042580258523
2017-12-17,0.4441314652652877,0.0021415327652317996
2017-12-18,0.43165811875864946,0.0021362706951819155
2017-12-19,0.4197021868773795,0.002117778764632013
2017-12-20,0.40603857761486384,0.001742841070988295
2017-12-21,0.3941727494260222,0.0014729012480730812
2017-12-22,0.3824376825451626,0.0013357724267398258
2017-12-23,0.3708027783068079,0.0012200423454232206
2017-12-24,0.3600122931390818,0.00114372728275906
2017-12-25,0.34962809362869895,0.0010898992789335846
2017-12-26,0.33960540407527456,0.0010481214917174074
2017-12-27,0.3300003056938362,0.0010131307063875356
2017-12-28,0.3207530815649578,0.0009820163006998318
2017-12-29,0.31159760378135776,0.0009525658490890394
2017-12-30,0.3030341882937346,0.0009256715742307835
2017-12-31,0.2945332006522659,0.0008992811959769688
2018-01-01,0.2877294390915093,0.0008961082767597406
2018-01-02,0.3921216270024314,0.0023409343629648047
2018-01-03,0.3133285023164136,0.0015041165012626065
2018-01-04,0.2837893171142837,0.001147188975453822
2018-01-05,0.2701453536511833,0.001017161648658826
2018-01-06,0.2727452244168623,0.0010900770798791298
2018-01-07,0.25687700652288203,0.000972702921884673
2018-01-08,0.2582814955650752,0.0010202051807434121
2018-01-09,0.2455213754259861,0.0009443424906034381
2018-01-10,0.2403039818962631,0.0009447387626612656
2018-01-11,0.2224232360059124,0.0007755894988997049
2018-01-12,0.21246016163548587,0.0006992874478123126
2018-01-13,0.20515851176013641,0.0006542141304664217
2018-01-14,0.19881698181682533,0.0006222316347926817
2018-01-15,0.24105447422417148,0.0012057206157182567
2018-01-16,0.19922261239016512,0.0007437478391431401
2018-01-17,0.18741819557984501,0.000627969738990157
2018-01-18,0.1804765785896227,0.0005855602477826913
2018-01-19,0.17471892224337313,0.0005542658380569401
2018-01-20,0.16949619673062524,0.0005296704586992588
2018-01-21,0.16501301088319092,0.000510911263384863
2018-01-22,0.16331499646377556,0.0005322171945366191
2018-01-23,0.15709110129809511,0.0005061718605384555
2018-01-24,0.15667877162291172,0.000548574019777099
2018-01-25,0.42805723019010194,0.004121091992932089
2018-01-26,0.7107169071155341,0.008382754913773072
2018-01-27,0.38346868359296016,0.004127034407407386
2018-01-28,0.2733749826314988,0.0025668093179330768
2018-01-29,0.19044429314959238,0.0014621885355115048
2018-01-30,0.15318154214778665,0.0009590301624920921
2018-01-31,0.4193858707272577,0.00452092922066486
2018-02-01,0.23888920095057448,0.002317067256778653
2018-02-02,0.1736063505660777,0.0014388500236440062
2018-02-03,0.13385111481401005,0.0009140833913912462
2018-02-04,3.2717715535822456,0.06051761634975074
2018-02-05,1.2775158734016712,0.021040540837846806
2018-02-06,0.9694448199566906,0.01322228952258407
2018-02-07,0.6730780183632856,0.007107026955867937
2018-02-08,0.5157068241667249,0.0039461486625437005
2018-02-09,0.45619831339387534,0.0027057879465279835
2018-02-10,0.4118187351959137,0.0019120902689880024
2018-02-11,0.3868793672472245,0.0015028853518132465
2018-02-12,0.370299423935265,0.0012891463776237044
2018-02-13,0.3575852907464274,0.0011707904867656578
2018-02-14,0.3464817726549941,0.0010978338010617951
2018-02-15,0.33618121330823203,0.0010470396362003392
2018-02-16,0.33075145985193954,0.0010761530118318045
2018-02-17,0.6575947309029669,0.007123713956276845
2018-02-18,0.4408925173908155,0.003813168073997195
2018-02-19,0.37335624475588286,0.0025269514192026634
2018-02-20,0.32431024649292306,0.0017049130155559929
2018-02-21,0.7949794572588735,0.01043568362266286
2018-02-22,0.5352701612813038,0.006271015109628394
2018-02-23,1.82700507499907,0.02905059389131243
2018-02-24,0.9071209327393013,0.01238703650882854
2018-02-25,1.1640790756812514,0.01597993945275596
2018-02-26,0.8107854673367835,0.008950992996436348
2018-02-27,0.5883759999879903,0.004609367529850235
2018-02-28,1.3754427017543789,0.017622603329082852
2018-03-01,3.8101377796439797,0.16194247209682242
2018-03-02,4.525634548189804,0.22307363522787607
2018-03-03,4.383793704298525,0.17894621189053259
2018-03-04,2.1306868862303157,0.06999539221114755
2018-03-05,1.4144591109578128,0.031461578091833566
2018-03-06,0.9420588393288418,0.013297294279956616
2018-03-07,0.8225238512321866,0.009521705974933788
2018-03-08,0.837946932178308,0.011747977825517375
2018-03-09,0.7964729789458823,0.010643483183087311
2018-03-10,0.7522574017396283,0.009134704130085446
2018-03-11,0.6709134256964505,0.005969891974729538
2018-03-12,0.6158677816652957,0.003789197417841526
2018-03-13,0.5815978910626314,0.0026692061845326035
2018-03-14,0.5573202276788203,0.00211835783469534
2018-03-15,0.5383622994800936,0.0018402834165536835
2018-03-16,0.5216843550725614,0.0016871614847450598
2018-03-17,0.5063654795790455,0.0015924282918354505
2018-03-18,0.4917657983240887,0.0015250424760402123
2018-03-19,0.4776529629588537,0.0014709510532637568
2018-03-20,0.48700982554327116,0.0027442361643340036
2018-03-21,0.48049809379734654,0.0031940229714005424
2018-03-22,0.46099937132995583,0.002840901962232942
2018-03-23,0.7206517258144165,0.01587895647728596
2018-03-24,0.9173837887154307,0.02881059577150249
2018-03-25,0.6388497848164529,0.015420790942886342
2018-03-26,4.902202187378308,0.24179795522949923
2018-03-27,3.8990338945762697,0.19503926887726172
2018-03-28,1.6671322696403752,0.07138729586629397
2018-03-29,1.1610575436100152,0.032573833484418106
2018-03-30,0.7789081109398724,0.0139490428004625
2018-03-31,0.6476062917819139,0.007940954119712906
2018-04-01,0.5904962099558413,0.004890223545765664
2018-04-02,0.6995827853282497,0.006723324860755081
2018-04-03,89.84215363910768,2.287379929431424
2018-04-04,71.55794468776871,1.831708719948307
2018-04-05,31.57550609635656,0.7814944903341888
2018-04-06,16.76878906721308,0.3928107390325128
2018-04-07,8.870904962908025,0.19169630352350772
2018-04-08,5.200252401627265,0.09834582485143332
2018-04-09,3.426886363040189,0.05326682253681251
2018-04-10,2.506726179630496,0.030249774314471452
2018-04-11,2.00810697001814,0.0180550688611603
2018-04-12,2.095364871169427,0.020352075573159368
2018-04-13,3.851392369461644,0.0643236349906567
2018-04-14,3.4646754350126274,0.05734994965385991
2018-04-15,5.050879921522499,0.09256581457048671
2018-04-16,4.518022877297929,0.0804081951216316
2018-04-17,3.3103982684863884,0.051875724030559185
2018-04-18,2.4640914678490047,0.03162618185585136
2018-04-19,1.926275352251307,0.01915503212940412
2018-04-20,1.6096199854937747,0.012020158258658166
2018-04-21,1.427557318938519,0.00808936882972292
2018-04-22,1.3100954853778184,0.005815300615261295
2018-04-23,1.2351564186504256,0.004545989488017531
2018-04-24,1.1793479076516922,0.003827350666284541
2018-04-25,1.13535794745564,0.003414927466408797
2018-04-26,1.0994771716115488,0.0031980942065531373
2018-04-27,1.0646716754200987,0.003024891764585427
2018-04-28,1.0328559013073662,0.0028944450244565278
2018-04-29,1.0412806289709289,0.003707280660960433
2018-04-30,0.9914565685889949,0.0032611906337095945
2018-05-01,0.9513227711726049,0.0028493394508844654
2018-05-02,0.9822883975157718,0.01563017406165161
2018-05-03,0.9315700475330952,0.012253874308328293
2018-05-04,0.8829543208282432,0.007075443101089498
2018-05-05,0.8477027892156122,0.004555078246928325
2018-05-06,0.8169224505129709,0.0031671225476876917
2018-05-07,0.7910552302694334,0.002570267690248835
2018-05-08,0.767959022474317,0.002459921680624121
2018-05-09,0.7448361931208021,0.002251591626864066
2018-05-10,0.7241595632655797,0.0022572044800086306
2018-05-11,0.7024563891231644,0.002107943961961482
2018-05-12,0.6818931569793658,0.0019726862254647376
2018-05-13,0.6618383035817815,0.0018725535784925244
2018-05-14,0.6423789215788572,0.001796501229080694
2018-05-15,0.6236108946650558,0.001734032273953599
2018-05-16,0.6056419122452655,0.0016794514535102107
2018-05-17,0.5884362417566489,0.001646612535969708
2018-05-18,0.5713249488171159,0.0015900911816912017
2018-05-19,0.554770904187348,0.0015389224521803494
2018-05-20,0.5395334035802898,0.001574723110802943
2018-05-21,0.5237020052372352,0.0015179784995308302
2018-05-22,0.508709117633832,0.001448876284107788
2018-05-23,0.4938669713279057,0.0013884914722851857
2018-05-24,0.4796933383164886,0.0013386934650161128
2018-05-25,0.4666152822480211,0.0014431191596057827
2018-05-26,0.4563774345601707,0.001978935615685894
2018-05-27,0.44276402514091334,0.0018444281366239478
2018-05-28,0.44412277240643905,0.004361143707575002
2018-05-29,0.4234253736762379,0.0029124030224500635
2018-05-30,0.4077347878646429,0.0020304201000850702
2018-05-31,0.3939281406352865,0.001548307215105164
2018-06-01,0.38147709220226006,0.0012828245529166523
2018-06-02,0.3700716711732993,0.0011362842853678537
2018-06-03,0.36144249834090136,0.0010868701394631387
2018-06-04,0.3501104172898428,0.0010147416584066744
2018-06-05,0.3396081419181771,0.0009631571125053353
2018-06-06,0.32993206841288963,0.0009253275034932873
2018-06-07,0.3205971864057897,0.0008941195710007624
2018-06-08,0.3117633041557723,0.000867127987503798
2018-06-09,0.3300419174391822,0.0014644853329839266
2018-06-10,0.30697162809420997,0.0011245016556988695
2018-06-11,0.29417522429763915,0.000979372822202835
2018-06-12,0.2822251023173915,0.0008752826527787481
2018-06-13,0.27230530870637765,0.0008058178333017207
2018-06-14,0.2638924333498751,0.0007593613766747624
2018-06-15,0.2561737778605872,0.000725525401116921
2018-06-16,0.24896107080659716,0.0006989457263554821
2018-06-17,0.24217371241617144,0.000676701387749286
2018-06-18,0.23544480167909637,0.0006562088910620892
2018-06-19,0.22897427115498725,0.0006373499887627234
2018-06-20,0.2227494410165037,0.0006196461726065936
2018-06-21,0.2166676393196219,0.0006025645316113188
2018-06-22,0.2720401855984746,0.002064637765803599
2018-06-23,0.29748284815393605,0.0026046379934873665
2018-06-24,0.24673494556433273,0.001671748518749717
2018-06-25,0.22144616945480644,0.0012081073405050705
2018-06-26,0.20259681048659361,0.0008972594506312214
2018-06-27,0.20471345806256808,0.0009761656977476163
2018-06-28,0.20267531586003337,0.0010714427560446279
2018-06-29,0.18836344264338103,0.0008202825936885572
2018-06-30,0.17753152281659643,0.0006728821247651117
2018-07-01,0.16907249113424477,0.000572712048101903
2018-07-02,0.16287401362473763,0.0005121111771851507
2018-07-03,0.1575272199677836,0.0004700462030898658
2018-07-04,0.15299140059328045,0.0004434682959855185
2018-07-05,0.14892306641321387,0.00042463050043158973
2018-07-06,0.14505225761492457,0.00040981425935948066
2018-07-07,0.1415614108271642,0.00040021638111456493
2018-07-08,0.14745101531894994,0.0005455717017200906
2018-07-09,0.139151364656892,0.0004816482370307683
2018-07-10,0.1343774138066206,0.0004397804669745732
2018-07-11,0.1378033683649942,0.0005217580030801651
2018-07-12,0.13025147939019968,0.00046341587443482176
2018-07-13,0.12501730175664955,0.00041983500272743456
2018-07-14,0.12021099615964168,0.00038292791131068813
2018-07-15,0.11640484133742494,0.00035540485692281626
2018-07-16,0.1129461972219153,0.00033434574029508847
2018-07-17,0.10984639130849894,0.0003184914881600179
2018-07-18,0.10696620068578071,0.0003060864492532127
2018-07-19,0.10429510096421933,0.00029606224156145843
2018-07-20,0.10174513078633877,0.00028748136112314383
2018-07-21,0.0991811507352705,0.0002794536335821289
2018-07-22,0.09677149293328655,0.00027227087132689656
2018-07-23,0.09458847223148069,0.000265987121765869
2018-07-24,0.09232475862470843,0.0002595413378386305
2018-07-25,0.09033086716194505,0.00025401011349035767
2018-07-26,0.08807928094376495,0.0002476787526144391
2018-07-27,0.08633101060529556,0.00024571513204132246
2018-07-28,0.08425819328627886,0.00024045228268756923
2018-07-29,0.08241021736992077,0.00023492066326232764
2018-07-30,0.08035373374726469,0.00022846235216439573
2018-07-31,0.07849311083043932,0.00022268007227078197
2018-08-01,0.07670200132154255,0.0002172199153035011
2018-08-02,0.07499488045143973,0.0002121472066087587
2018-08-03,0.07356555866680307,0.00021548049777494904
2018-08-04,0.07189796150319422,0.0002110431462170242
2018-08-05,0.0703356721768005,0.0002049339982628891
2018-08-06,0.0687938690562567,0.0001988040147002525
2018-08-07,0.06745217609878572,0.0001936735835079572
2018-08-08,0.06597051051754821,0.00018850186829958318
2018-08-09,0.06455182338413272,0.00018389032550008118
2018-08-10,0.0631527387157997,0.0001795658228919626
2018-08-11,0.06180195839776099,0.00017554952495277564
2018-08-12,0.06042581617410935,0.0001715419542799725
2018-08-13,0.05880777120277891,0.00016671257311677763
2018-08-14,0.057004774322298106,0.00016128836227793098
2018-08-15,0.054045606979523576,0.0001677884207097546
2018-08-16,0.04829036644716313,0.00014580341579063064
2018-08-17,0.0409139712283667,0.000118908971289516
2018-08-18,0.03414738889572566,9.818916810205537e-05
2018-08-19,0.02871604014262084,8.30023923109346e-05
2018-08-20,0.025355282761958305,7.369142678329026e-05
2018-08-21,0.02333871879785191,6.811529776227299e-05
2018-08-22,0.022067466000482393,6.46106733753919e-05
2018-08-23,0.02126615076476642,6.242410976975491e-05
2018-08-24,0.020884955548755614,6.145943412050684e-05
2018-08-25,0.02064436460168942,6.0842840999433144e-05
2018-08-26,0.020554541667585125,6.29692771170253e-05
2018-08-27,0.06338230174721646,0.0014491809723141777
2018-08-28,0.03571926816687399,0.0007434963015274807
2018-08-29,0.03003352808458963,0.00054467911287349
2018-08-30,0.026445430943343624,0.00039961653356671353
2018-08-31,0.023804066872191193,0.0002906470951685335
2018-09-01,0.022075682368441242,0.00021480103230294017
2018-09-02,0.020906502328728812,0.00016283312949401477
2018-09-03,0.020326966120012693,0.0001283874840906848
2018-09-04,0.020019323500522018,0.000105306335205154
2018-09-05,0.12951823665727832,0.001464740493405778
2018-09-06,0.08488229977446632,0.000901049416385802
2018-09-07,0.057744809092257245,0.0005638995248402167
2018-09-08,0.041944055421107504,0.0003710818583816501
2018-09-09,0.032198206660360884,0.00025098879765359953
2018-09-10,0.02734761908812376,0.00018871948970492503
2018-09-11,0.023607655642897372,0.00013603845682568356
2018-09-12,0.021972806261049714,0.00011021203439529593
2018-09-13,0.020906070013204374,9.340534098236768e-05
2018-09-14,0.020144892252804764,8.166988837000219e-05
2018-09-15,0.01963932400237201,7.357444954799547e-05
2018-09-16,0.01921475095392905,6.76619307696418e-05
2018-09-17,0.018917706635356617,6.354191853265758e-05
2018-09-18,0.03362441897056536,0.000253596939264386
2018-09-19,0.02599233557270043,0.00015463279525395
2018-09-20,0.022878153406380275,0.00011825885866548109
2018-09-21,0.020994933168666467,9.660817344699637e-05
2018-09-22,0.019835465443861448,8.204532458398181e-05
2018-09-23,0.019146349395324357,7.245310722396703e-05
2018-09-24,0.018596267455083457,6.571123582024122e-05
2018-09-25,0.02168977521194428,9.547706661193803e-05
2018-09-26,0.020930037268574415,8.939275450277101e-05
2018-09-27,0.019939936461844963,7.983044840079412e-05
2018-09-28,0.019115039710579634,7.171194141747908e-05
2018-09-29,0.018537766522314918,6.57526805865787e-05
2018-09-30,0.01812680169523189,6.143915201743084e-05
2018-10-01,0.01929161765577323,7.738265270324909e-05
2018-10-02,0.018332085275290167,6.505178244542174e-05
2018-10-03,0.018141494493129764,6.210405279603655e-05
2018-10-04,0.01779481045686787,5.892597911049137e-05
2018-10-05,0.017533408340982673,5.6417212484652105e-05
2018-10-06,0.017498982058639572,5.506335538997972e-05
2018-10-07,0.01751362100965381,5.4212412560422425e-05
2018-10-08,0.017396118231619562,5.321392754341024e-05
2018-10-09,0.01722535520253678,5.228642638313589e-05
2018-10-10,0.017090568983453378,5.162420898833919e-05
2018-10-11,0.016996278797890972,5.118064439018763e-05
2018-10-12,0.018639673173689014,7.102699630907109e-05
2018-10-13,0.1851200369498896,0.0026613465637200947
2018-10-14,0.5361887397563885,0.008628668636660295
2018-10-15,0.241929198280384,0.0039714563730994384
2018-10-16,0.1476691871921818,0.002372114394443803
2018-10-17,0.0890783454988501,0.0013679599122800644
2018-10-18,0.10080139209871027,0.0015133500907813912
2018-10-19,0.06371125882786853,0.0009025387980493622
2018-10-20,0.046131421140777513,0.0005934301726642361
2018-10-21,0.0344248536252799,0.00039048257615441985
2018-10-22,0.027138445455519244,0.00026335022582569514
2018-10-23,0.023336418491877012,0.00019274486370835992
2018-10-24,0.020825027651501283,0.00014563693051126975
2018-10-25,0.019281142384613682,0.0001149361803434571
2018-10-26,0.018221432950957368,9.380676661127425e-05
2018-10-27,0.017452353069127968,7.91311208763653e-05
2018-10-28,0.01706352038925479,6.9550489391958e-05
2018-10-29,0.01695979349234569,6.35028591797077e-05
2018-10-30,0.020455995582805572,0.00010938543324414085
2018-10-31,0.02050965048792631,0.0001053591133210127
2018-11-01,0.1045034634313649,0.0011638312544986456
2018-11-02,0.09082766698573022,0.0009817180637492215
2018-11-03,0.06204805542652027,0.0006293423988382156
2018-11-04,0.0430147793829389,0.00040101214575255127
2018-11-05,0.03165280788277162,0.0002625842252579107
2018-11-06,0.025150233814889077,0.00018013318022183262
2018-11-07,0.02149846061414328,0.00013136269802973557
2018-11-08,0.01933643851429049,0.00010154166867986748
2018-11-09,0.020647707310884125,0.00010178029312358203
2018-11-10,0.02111398575712372,9.816922914007337e-05
2018-11-11,0.02643916809587389,0.00014761751969891474
2018-11-12,0.0229446633261472,0.00011568734449317738
2018-11-13,0.02114427537176674,0.00010027914920851142
2018-11-14,0.02183490892127634,0.00010922763787788825
2018-11-15,0.02018789087937692,9.424799715943416e-05
2018-11-16,0.019175362176388124,8.497963508787759e-05
2018-11-17,0.048915048845833774,0.0003788884263170573
2018-11-18,0.037535876784300974,0.0002720695706576173
2018-11-19,0.03280331222187354,0.00023339949826194556
2018-11-20,0.0356780730079145,0.0002756876285196755
2018-11-21,0.02690793109987383,0.00017939277849988988
2018-11-22,0.02350040920479841,0.00014151329938611262
2018-11-23,0.16876673394857325,0.0017060736742053344
2018-11-24,0.10225089729834987,0.000999627439867836
2018-11-25,0.07643206745787157,0.0007870792985822492
2018-11-26,0.05186244486832414,0.0005166622762997035
2018-11-27,0.03651646940003697,0.00033020229510353393
2018-11-28,0.027561582018365012,0.00021857755943796624
2018-11-29,0.022622930792488196,0.00015393705649016767
2018-11-30,0.01998383909944782,0.00011600587605778947
2018-12-01,0.01818363557416893,9.156567567520308e-05
2018-12-02,0.017147361512910807,7.627992295246742e-05
2018-12-03,0.016613336516914542,6.669921225790814e-05
2018-12-04,0.23372314158752072,0.012122929855993536
2018-12-05,0.38020377098018004,0.020280914265670157
2018-12-06,0.32048500538602787,0.016767940511424374
2018-12-07,0.8524698980751777,0.04655232653387402
2018-12-08,0.4564932079851344,0.021500420988503053
2018-12-09,0.3472671786586385,0.01437175057100775
2018-12-10,0.4237665933126725,0.017139852646217892
2018-12-11,0.2793748065263535,0.007041342891254027
2018-12-12,0.2382313865330176,0.004622605780708692
2018-12-13,0.35901095239201947,0.01102267502661142
2018-12-14,4.546387214573779,0.2418978393745487
2018-12-15,1.5247577506982197,0.06209558195416167
2018-12-16,0.9540606918151323,0.02507051774130364
2018-12-17,7.93758326643474,0.4170484697230669
2018-12-18,3.3149157255265567,0.15873108051293944
2018-12-19,1.8448837493612205,0.05725329745089506
2018-12-20,1.1460241522860997,0.022562079297029695
2018-12-21,0.8346844183100842,0.00991623841364447
2018-12-22,0.7141534891135437,0.005219368733301085
2018-12-23,0.6622886121089407,0.0033440992636352275
2018-12-24,6.015912997784298,0.3012537759708204
2018-12-25,3.512732133555157,0.16140738779055924
2018-12-26,1.6240556434171625,0.05560399514145169
2018-12-27,0.9970276342165661,0.0216231869313178
2018-12-28,0.7706533368867616,0.009428114355204808
2018-12-29,0.7715903259951193,0.009668927403259316
2018-12-30,0.8792339855290789,0.01578038387920795
2018-12-31,0.7055889468490782,0.007775357819274847
2019-01-01,0.6350751702723095,0.004455222759570516
2019-01-02,0.5969856189720233,0.0030075896342151697
2019-01-03,0.5654162250227572,0.0022407540212724644
2019-01-04,0.5532870822756082,0.0020107827640978575
2019-01-05,0.5327083653374487,0.0017922198901125022
2019-01-06,0.5125208464446985,0.0016078413259541329
2019-01-07,0.49603950667250896,0.0015047409679123393
2019-01-08,0.665763776114017,0.004451187680086889
2019-01-09,75.8080621623651,1.3623725278995282
2019-01-10,49.66063625109782,0.84042311747158
2019-01-11,193.55947967436052,3.3126282127808833
2019-01-12,51.06234339848186,0.856787881292664
2019-01-13,33.48325135289302,0.5612228384759846
2019-01-14,14.386539183162828,0.2236508454290133
2019-01-15,7.777412880765649,0.10697892101472634
2019-01-16,4.939268947144539,0.05760881458799684
2019-01-17,3.5138190151243403,0.03322262910102637
2019-01-18,2.7485376915039637,0.020398474610630386
2019-01-19,2.3019554736791914,0.013189346776489709
2019-01-20,2.0444948021395395,0.0092583231848719
2019-01-21,1.8883049257274962,0.007129915764314068
2019-01-22,1.8025837865234429,0.006230569603264871
2019-01-23,1.719519404190934,0.005489591603145365
2019-01-24,1.658940884874119,0.005075552173094859
2019-01-25,1.604749699762684,0.0048203707717047175
2019-01-26,1.5580428368065484,0.004678621668486027
2019-01-27,1.5920879805666537,0.00568761865212671
2019-01-28,9.613556230459679,0.13383285892785687
2019-01-29,65.65656659945591,1.109457888748947
2019-01-30,290.52537631800783,5.094681738436186
2019-01-31,60.04630755550078,1.017047218042091
2019-02-01,37.76334692305084,0.7055655145816856
2019-02-02,16.58699462650925,0.3133536625141463
2019-02-03,9.137760906122958,0.16224926709720694
2019-02-04,63.970127735482045,1.3857311403121193
2019-02-05,143.28623394912185,3.2406934712602706
2019-02-06,107.22640505909811,2.421069182929087
2019-02-07,238.4854448194206,5.355601741690276
2019-02-08,123.12086487431331,2.7803613383820283
2019-02-09,51.24736055719308,1.079139773710221
2019-02-10,27.422851412090406,0.5444463031659883
2019-02-11,15.838642545372116,0.29214949367967796
2019-02-12,10.50282843805333,0.17391206078369845
2019-02-13,7.4983443660864255,0.10719727578763869
2019-02-14,5.694183019863798,0.06770974528068033
2019-02-15,4.575611510577786,0.043718311088156776
2019-02-16,3.871701117444478,0.029096721148337196
2019-02-17,3.4190299351392444,0.02018050929529287
2019-02-18,3.121494813050719,0.0147968616761945
2019-02-19,2.917130579267882,0.01156699336770122
2019-02-20,2.769002188270975,0.009641971251901239
2019-02-21,2.749170641973218,0.010441009507034133
2019-02-22,2.653105236950779,0.00990961978609376
2019-02-23,2.5233633496667083,0.008430663731594972
2019-02-24,2.7014369409881276,0.01325237233049661
2019-02-25,2.5986006381978237,0.01319495988919027
2019-02-26,2.415173401443497,0.009933521220445751
2019-02-27,2.2644409507313004,0.008121582358634109
2019-02-28,2.328380326253001,0.010649642990830802
2019-03-01,2.308149795076226,0.01119238626330684
2019-03-02,2.1417116314660514,0.008694248560937094
2019-03-03,2.0732694158953735,0.008236590138889674
2019-03-04,2.002705757203434,0.007900662978553305
2019-03-05,1.9206836754329255,0.007068924691247892
2019-03-06,2.0971575771756497,0.011452450610004874
2019-03-07,8.806200279452284,0.1321866914039909
2019-03-08,16.351591829611646,0.2841761971107949
2019-03-09,19.296742841609433,0.3438789141893791
2019-03-10,13.21789028456761,0.2234402293087864
2019-03-11,8.134698486994644,0.12467001744651424
2019-03-12,4.9364739442008725,0.06521978320372356
2019-03-13,3.368177918335472,0.036533786985798566
2019-03-14,2.4876197300373626,0.020729613078192786
2019-03-15,2.0396287455854027,0.01283380215338251
2019-03-16,1.7992026293436596,0.008855122583392014
2019-03-17,1.6602192861895702,0.0068287056027659665
2019-03-18,1.5793957982948204,0.005869251667236222
2019-03-19,1.4958397805525159,0.004892508255409835
2019-03-20,1.4366975383159013,0.004389976633311221
2019-03-21,1.3886326577764219,0.004099307193768372
2019-03-22,1.345143545544507,0.0039055333221776306
2019-03-23,1.3724553148724163,0.004861322155238778
2019-03-24,1.297754087805179,0.004302085884573108
2019-03-25,1.2466505912091843,0.0038610431311714402
2019-03-26,1.2033792256248383,0.0036350933812015216
2019-03-27,1.1685250085310106,0.0035299731310457806
2019-03-28,4.693379900408531,0.09110620514562397
2019-03-29,4.265286182924269,0.07543230021413834
2019-03-30,2.39550793276592,0.03298065378217316
2019-03-31,5.669109448532408,0.09425044704487161
2019-04-01,3.610094483348559,0.05216294789350485
2019-04-02,2.2743462839678554,0.025452434475254086
2019-04-03,1.57200330328297,0.012533129170888337
2019-04-04,1.2841985185440528,0.0074402131401046885
2019-04-05,1.2309293669279762,0.006555190966142964
2019-04-06,1.1155176242094051,0.004851878485430901
2019-04-07,1.0554632935017403,0.00405758144507843
2019-04-08,0.9956909622201182,0.0034018272699758933
2019-04-09,0.9590967213110156,0.0031232991649799676
2019-04-10,0.9230841641656102,0.002876478168008176
2019-04-11,0.892216201212558,0.0027179486220273294
2019-04-12,0.9438455773210259,0.004006403700767809
2019-04-13,0.8633433028105175,0.0029849743264815523
2019-04-14,0.8237534251671597,0.0026152813434304144
2019-04-15,0.8746058393065419,0.0037769277859676484
2019-04-16,0.801035609674142,0.002905795932566874
2019-04-17,0.7605779999932747,0.0025015471636124858
2019-04-18,0.7728129275241988,0.003036871312856918
2019-04-19,0.7351753934678105,0.0027102709050700574
2019-04-20,0.6943402690462768,0.0022730861849400564
2019-04-21,0.6673164918301917,0.0020919899852577936
2019-04-22,0.8073273998715006,0.004588256876689087
2019-04-23,4.798804196942243,0.07843050984309968
2019-04-24,8.94761199931091,0.13720165106855198
2019-04-25,91.79579416191126,1.4515355564251913
2019-04-26,33.49812334078288,0.5388803144150115
2019-04-27,23.02393036628144,0.3746374464748379
2019-04-28,10.362025597363004,0.15920168867165294
2019-04-29,5.621276023563624,0.07760530148563492
2019-04-30,3.5215004571087842,0.04240877987457537
2019-05-01,2.443245388611461,0.41000855697851885
2019-05-02,1.7990850526642896,0.3236622007092401
2019-05-03,1.573754779620953,0.30267329306553664
2019-05-04,1.2889556990684368,0.16202638268850936
2019-05-05,1.1970207320404167,0.12721593463039868
2019-05-06,1.0691810389850835,0.05541014217959511
2019-05-07,1.0030899833704396,0.02790687264422509
2019-05-08,0.95929708284916,0.014962497525473557
2019-05-09,0.9252791128268876,0.00889479055361995
2019-05-10,0.8950993448917246,0.005621974511774004
2019-05-11,0.868684738920839,0.0043772939424462955
2019-05-12,0.8421619623706483,0.0033817542323012484
2019-05-13,0.8176044628245339,0.0027715618130437097
2019-05-14,0.7933755838517066,0.0024289777582754304
2019-05-15,0.858271062051893,0.0684064637250629
2019-05-16,0.7728465857406154,0.02203607824330154
2019-05-17,0.7441333885232287,0.014726549832915495
2019-05-18,0.7128309785061,0.007910781250590932
2019-05-19,0.6879231283352598,0.00488017366408843
2019-05-20,0.6657167373923185,0.0032304167806933817
2019-05-21,0.6510543925130544,0.006186147989431825
2019-05-22,0.6295487883005401,0.004391262052456719
2019-05-23,0.6251145313312916,0.012682635041564043
2019-05-24,0.6196662553964853,0.023455423039463994
2019-05-25,0.589736053137915,0.014226188116367514
2019-05-26,0.5662749127019427,0.007755344938696794
2019-05-27,0.545454896937827,0.004399659820161168
2019-05-28,0.5271857969995223,0.002787207134417445
2019-05-29,0.5109179615938356,0.0020230124263670383
2019-05-30,0.49599843331687127,0.0016523309902884426
2019-05-31,0.48938740267012437,0.006334880296348764
2019-06-01,0.5758607588012367,0.007139297467921445
2019-06-02,0.5105976693675383,0.0041393576021734515
2019-06-03,0.46594892399492094,0.00257772360814735
2019-06-04,0.4403083033473587,0.001829036443888286
2019-06-05,0.42156171809720816,0.0014540420336705115
2019-06-06,0.4069952894662723,0.001261372620552541
2019-06-07,0.43146378617968706,0.002098795481677673
2019-06-08,0.41755882631982355,0.0020411300931256404
2019-06-09,0.38741010054925396,0.0014271993089242413
2019-06-10,0.3690722787658662,0.0011986192579552415
2019-06-11,0.3544214571199185,0.0010687380067177378
2019-06-12,0.3434816848869722,0.0010078844102394669
2019-06-13,0.33879767910770686,0.001170872829485947
2019-06-14,0.3465142184665359,0.0014790866163791683
2019-06-15,0.325174709624552,0.0011668209944103644
2019-06-16,0.31162989949605374,0.001010032457331186
2019-06-17,0.2995218375756247,0.0009083035646032115
2019-06-18,0.2893050030358943,0.0008420333494093961
2019-06-19,0.28144464713093703,0.0008139772013254743
2019-06-20,0.27304290822991284,0.0007806488094989656
2019-06-21,0.26538737843046784,0.0007498829472750797
2019-06-22,0.25781777970732317,0.0007222348532607433
2019-06-23,0.2505235348869578,0.0006980105588774462
2019-06-24,0.24364656192929912,0.0006767466417403943
2019-06-25,0.23786701673155305,0.000671958700248775
2019-06-26,0.23294169040615917,0.0006802458628135428
2019-06-27,0.2318594963022298,0.0008117002973723426
2019-06-28,0.26159722314757955,0.001468104839168131
2019-06-29,0.24120489177367552,0.0012447890145325395
2019-06-30,0.22562507611939484,0.0010064180750504104
2019-07-01,0.21086634017207664,0.000808152706285755
2019-07-02,0.20013556217646863,0.0006796854166085967
2019-07-03,0.19250650942138997,0.0006020973676428949
2019-07-04,0.188665503821053,0.0007040089712334875
2019-07-05,0.41546054707529145,0.012787537475628417
2019-07-06,0.486796280049993,0.02063520250348484
2019-07-07,0.6068228498264285,0.02812174801171439
2019-07-08,0.36393358693465055,0.014493321683739341
2019-07-09,0.2620090957606816,0.007563035346300253
2019-07-10,0.20490184577074846,0.003984035980485657
2019-07-11,0.21829327692202666,0.004262127648764298
2019-07-12,0.18225209655308897,0.002682054356333382
2019-07-13,0.16382769279083637,0.0016903194894898022
2019-07-14,0.15282573545877912,0.001138707369757274
2019-07-15,0.14502572362933094,0.0008026343093998294
2019-07-16,0.1396574979543735,0.0006075066225779635
2019-07-17,0.1351302086561067,0.0004939477917381999
2019-07-18,0.13123377768073982,0.0004277988951917438
2019-07-19,0.12769583454005204,0.0003880012068984226
2019-07-20,0.12440445968859186,0.00036274105040815327
2019-07-21,0.12144266706971889,0.00034593651634405565
2019-07-22,0.11853599791448795,0.00033328735027738233
2019-07-23,0.11557497119000598,0.00032260970647822717
2019-07-24,0.11387365455147817,0.0003807906467767452
2019-07-25,0.11085123298424128,0.0003736283160557908
2019-07-26,0.1082262423212221,0.0003497643848229662
2019-07-27,0.10519964457704578,0.0003241404827365542
2019-07-28,0.10246459130834991,0.0003039915841581568
2019-07-29,0.09993751393804591,0.00028891799374978556
2019-07-30,0.09758557800047542,0.00027755438311559264
2019-07-31,0.09618517782464167,0.0003059028240667223
2019-08-01,0.09485585785725176,0.0004655445540142878
2019-08-02,0.11249182553656586,0.005681366209169516
2019-08-03,0.1069955572788902,0.003294054025926614
2019-08-04,0.10423886287078281,0.0023453433227347575
2019-08-05,0.0975218189418059,0.002609779523683795
2019-08-06,0.09010614149735054,0.0013864504077355825
2019-08-07,0.08483498142756984,0.0008996037713464192
2019-08-08,0.0811975220540993,0.0006144334843458562
2019-08-09,0.07843762846315494,0.0004556390888898962
2019-08-10,0.07621766447844731,0.0003555249716972141
2019-08-11,0.07434896856854899,0.00029320168692096926
2019-08-12,0.07264007541458868,0.00025396776081642604
2019-08-13,0.0710477178968996,0.00022891330916153957
2019-08-14,0.06950249713173233,0.00021234268986633826
2019-08-15,0.06982557472485247,0.00077916229009566
2019-08-16,0.0686704145618288,0.0008343924032259012
2019-08-17,0.06677333822417143,0.0006534071457537195
2019-08-18,0.06490737414605256,0.00048763950770390463
2019-08-19,0.063252903728216,0.0003706747898338552
2019-08-20,0.06164082051295951,0.0002929187883892446
2019-08-21,0.0602183497652244,0.00024281243531463616
2019-08-22,0.05895050720800694,0.00021070401279471188
2019-08-23,0.05785620437725827,0.00019015442555361036
2019-08-24,0.06035480381961802,0.0009235496444794409
2019-08-25,0.05860043294245295,0.0008226100884614609
2019-08-26,0.05679481912719766,0.0006239518141608542
2019-08-27,0.05513106347928305,0.00046238180498163885
2019-08-28,0.05348258574828673,0.00034783337167951223
2019-08-29,0.05265955049969911,0.0005050802676108209
2019-08-30,0.05125168653085605,0.0004058125870778203
2019-08-31,0.05008921131154929,0.0003096939143693675
2019-09-01,0.048924953943076964,0.00024337513808717886
2019-09-02,0.048000141430258284,0.00020108385617833302
2019-09-03,0.047159536719220026,0.00017407660192397855
2019-09-04,0.04630705631091389,0.0001564179038063003
2019-09-05,0.045458654241783754,0.00014460194632474972
2019-09-06,0.044696138924806256,0.00013664595852219482
2019-09-07,0.043986988484248674,0.00013108804784495466
2019-09-08,0.04332896968415467,0.00012704160507934564
2019-09-09,0.04168063151405803,0.00012069191574577973
2019-09-10,0.04055662051476707,0.0001165005680034418
2019-09-11,0.039178016027994894,0.00011252817435356418
2019-09-12,0.03556473487805419,0.00010348293792065185
2019-09-13,0.03182177155997041,9.337005568749525e-05
2019-09-14,0.029622979378792186,8.74942795696673e-05
2019-09-15,0.027910781201751365,8.205693492343427e-05
2019-09-16,0.026678333779553497,7.800651986392694e-05
2019-09-17,0.024941891683409823,7.305177853185925e-05
2019-09-18,0.023336385173623988,6.851915628275315e-05
2019-09-19,0.02253749602716021,0.0003008243760540556
2019-09-20,0.02219010116394171,0.0009748062938427132
2019-09-21,0.021422218244420265,0.00037277294279105313
2019-09-22,0.02215812531351722,0.0012691370428671766
2019-09-23,0.022332511382213656,0.001570760207569698
2019-09-24,0.021769362624750033,0.0011439574050255703
2019-09-25,0.021388791580303615,0.0009051913434708314
2019-09-26,0.021008072442706804,0.0006913514182090299
2019-09-27,0.02070402274207408,0.0005158099034452205
2019-09-28,0.02040610289868565,0.000380894147211995
2019-09-29,0.02022649632674504,0.00028239116271356967
2019-09-30,0.020127192350924066,0.00021244757745796469
2019-10-01,0.020006416281562425,0.00016338234819415824
2019-10-02,0.10229832562108843,0.0009694730711939874
2019-10-03,0.08000416869729411,0.0007653436556516795
2019-10-04,0.07375848242114069,0.0007637215063483334
2019-10-05,0.05432017926269739,0.0005429647261370272
2019-10-06,0.040003211045249974,0.00036259003708235865
2019-10-07,0.03133749229664162,0.0002471211264291359
2019-10-08,0.026136140100943586,0.00017575853847386945
2019-10-09,0.02301436583260083,0.00013179193429412115
2019-10-10,0.021354576876772315,0.00010513388524959737
2019-10-11,0.1322026072934771,0.0014498495648676206
2019-10-12,0.1763866515226174,0.0020184140071608536
2019-10-13,0.1004768487289918,0.001152118205003171
2019-10-14,0.06570539300632401,0.0007111262846912897
2019-10-15,0.04526083942201147,0.00044625383752174263
2019-10-16,0.03362931168773207,0.0002895006285012805
2019-10-17,0.027132781103082048,0.00019878942158632932
2019-10-18,0.02433512971960327,0.00015410920136962623
2019-10-19,0.02648555131381522,0.00015913228929885414
2019-10-20,0.02370695322908871,0.00012891622365260276
2019-10-21,0.028443058194465055,0.0001885861972384422
2019-10-22,0.023136583496347014,0.00012792025036873687
2019-10-23,0.021329186836988787,0.00010213496452309073
2019-10-24,0.024541617275401193,0.00013290067619806594
2019-10-25,0.02260597244769535,0.00011367575134408267
2019-10-26,0.021311527598941064,9.964054481640339e-05
2019-10-27,0.02012833760619126,8.658172249211807e-05
2019-10-28,0.0193233637953849,7.64391374878544e-05
2019-10-29,0.019022120986273663,7.096073589269548e-05
2019-10-30,0.019110647788663455,7.008203672738263e-05
2019-10-31,0.10389353853682524,0.0011632896865245057
2019-11-01,0.08847511434141439,0.0009029057334544932
2019-11-02,0.06373267418754394,0.0006088853029226079
2019-11-03,0.04584191430331246,0.00039715660389238593
2019-11-04,0.11194797011564996,0.001191097822931804
2019-11-05,0.07007556304626376,0.0006919352672704187
2019-11-06,0.04812466387488733,0.00043269716019319514
2019-11-07,0.03473913107148451,0.0002769979759686054
2019-11-08,0.02703205491037068,0.00018662888935533316
2019-11-09,0.02277580893028239,0.00013471129049199692
2019-11-10,0.02035815387538512,0.00010382941542327831
2019-11-11,0.018992201448757812,8.497397673364899e-05
2019-11-12,0.01811429543033742,7.283819472438813e-05
2019-11-13,0.01755059609697335,6.495118999201989e-05
2019-11-14,0.017224939194577023,5.9885389456605806e-05
2019-11-15,0.017152350612709186,5.6975411610102125e-05
2019-11-16,0.016994567152484256,5.464355628603461e-05
2019-11-17,0.016954030734139845,5.330823937523598e-05
2019-11-18,0.016877916439454094,5.224358000058589e-05
2019-11-19,0.01679947174383236,5.1451258563196115e-05
2019-11-20,0.016693704469945052,5.075534959181533e-05
2019-11-21,0.016658924154742454,5.0407875681355296e-05
2019-11-22,0.016617545697184377,5.0100637482173275e-05
2019-11-23,0.016586602102091886,4.9890667344987246e-05
2019-11-24,0.016606218598387738,4.98886451118966e-05
2019-11-25,0.017183713249612674,5.61109871752457e-05
2019-11-26,0.027335752336479086,0.00017368396749453097
2019-11-27,0.022919480873044008,0.00012686806142787473
2019-11-28,0.020847338959804028,0.00010482444053341591
2019-11-29,0.019274482622374065,8.713928384355209e-05
2019-11-30,0.01818875535392202,7.42309323033071e-05
2019-12-01,0.017531424088531002,6.560915357475495e-05
2019-12-02,0.01698516823901571,5.946508096070828e-05
2019-12-03,0.016689005012220082,5.563085808874088e-05
2019-12-04,0.01637637954745686,5.27153953421248e-05
2019-12-05,0.016979098550328964,5.711936483435412e-05
2019-12-06,0.025064481604742676,0.00014165973336850292
2019-12-07,0.02807019700155911,0.00019064792080028775
2019-12-08,0.026022218848151927,0.00017535488726043498
2019-12-09,0.023140052668518745,0.00014628018616194988
2019-12-10,0.020607787818243066,0.00011726064848845536
2019-12-11,0.018881764254205978,9.508912060562103e-05
2019-12-12,0.01777545378029577,7.961629665545835e-05
2019-12-13,0.017070611210376608,6.90972258117817e-05
2019-12-14,0.016907079481238024,6.344837639796489e-05
2019-12-15,0.401144507308291,0.005141217025426762
2019-12-16,0.18664483595262038,0.002313922687523982
2019-12-17,0.11875954952233403,0.0014699989023439894
2019-12-18,0.07351235006448886,0.0008689213063963572
2019-12-19,0.04756182302552523,0.0005133087396604066
2019-12-20,0.03375523785142244,0.0003212508601584891
2019-12-21,0.02632548774799162,0.00021511121147318622
2019-12-22,0.02198468741875354,0.00015263649990713044
2019-12-23,0.0195589741834549,0.00011528297987272803
2019-12-24,0.01803597119800445,9.165583404438858e-05
2019-12-25,0.01728691607229328,7.715382631991921e-05
2019-12-26,0.2963510526116561,0.003740618143018441
2019-12-27,0.6482391276500352,0.008476339792056569
2019-12-28,5.80886351096924,0.07643994063015287
2019-12-29,13.827490842449956,0.1712293186833917
2019-12-30,12.313628641731015,0.15226833461327643
2019-12-31,6.31698137381051,0.07635515420467606
2020-01-01,2.8592835345427323,0.034360329205960695
2020-01-02,1.5494165377640008,0.014693216938273577
2020-01-03,1.1242752659446043,0.007919407555604824
2020-01-04,0.9319904017173534,0.004714831633092418
2020-01-05,0.8523873070088765,0.0033630672898185337
2020-01-06,1.080535036932754,0.00793185628407937
2020-01-07,2.308263556185946,0.03358997123201338
2020-01-08,1.4508951978072389,0.017138401406526005
2020-01-09,1.0053363730933162,0.008030598182869957
2020-01-10,0.8172192148679992,0.004384580499684198
2020-01-11,0.7371983414876466,0.002937852954995508
2020-01-12,0.6970639535961617,0.002348061617304279
2020-01-13,0.671118530896948,0.0020860364630124876
2020-01-14,0.7000603697978053,0.0028233961805301526
2020-01-15,0.7619658137724236,0.004314648753960175
2020-01-16,0.66766201812222,0.0029751604390369753
2020-01-17,0.8646957151367052,0.006744565989525091
2020-01-18,0.711011862893786,0.0045812845953547236
2020-01-19,0.6492298646640722,0.0034683473842773553
2020-01-20,0.582481001025791,0.002483698726120409
2020-01-21,0.8320744906473879,0.00694738325492162
2020-01-22,0.6287662660243907,0.003876144679992117
2020-01-23,0.5703429121644106,0.0028541201328813773
2020-01-24,0.5183369623590617,0.002187759586765512
2020-01-25,0.5779514607690885,0.003452030679314582
2020-01-26,14.906025077304514,0.29132459380823644
2020-01-27,21.192773306003037,0.41437930312778676
2020-01-28,58.279395003855505,1.1792878966768072
2020-01-29,79.35729105607975,1.5550070879646714
2020-01-30,32.714202206426926,0.6239545711186235
2020-01-31,20.831664884115085,0.37986431536393733
2020-02-01,12.239911644836239,0.21013072680679915
2020-02-02,7.405962167373253,0.1139310641474549
2020-02-03,4.857375930089146,0.06379553040151818
2020-02-04,3.4954020399044303,0.03720234333242998
2020-02-05,2.8597966282132354,0.024955351022164375
2020-02-06,2.8930398902360013,0.025774577871245676
2020-02-07,2.277472373774766,0.014874186848792664
2020-02-08,1.9996342970520264,0.009651799862278003
2020-02-09,2.2463396740590382,0.014947419504297234
2020-02-10,2.3670176726303076,0.019033147382522188
2020-02-11,2.1879709232204436,0.015586350590837917
2020-02-12,1.8510724849484521,0.010079452554930781
2020-02-13,4.097618031858034,0.04984080748312965
2020-02-14,5.529352337763967,0.08544880997537559
2020-02-15,6.639631765931863,0.10939899243252052
2020-02-16,39.6537006878237,0.79817323673946
2020-02-17,19.991792444190118,0.3781939143533592
2020-02-18,11.716156700981397,0.20803977803237483
2020-02-19,7.114944678627552,0.11494130558012713
2020-02-20,4.668874074415334,0.06549125686182537
2020-02-21,3.2731789408258414,0.03794386513709151
2020-02-22,2.6142609453737236,0.025021363939813423
2020-02-23,281.60753681117615,5.615186983258875
2020-02-24,258.59445728742423,5.222312121803023
2020-02-25,70.91196520650188,1.3926218119719311
2020-02-26,58.95210435150836,1.0824550658723995
2020-02-27,27.82482036236098,0.5002842238995107
2020-02-28,17.98430915510316,0.30862103334308433
2020-02-29,11.470458873719016,0.18126716424803002
2020-03-01,7.7187417652321875,0.11976306456563754
2020-03-02,5.528379970417374,0.07661532512077562
2020-03-03,4.243543688581447,0.049058058300533544
2020-03-04,170.49563518262417,4.089508036019656
2020-03-05,92.12782539360502,2.258480761367792
2020-03-06,83.65232549705097,2.038088568913108
2020-03-07,38.87292772244087,0.9156101079681159
2020-03-08,39.98558681450235,0.9561046352826101
2020-03-09,42.998806489217365,0.9933407937298161
2020-03-10,31.440919675466635,0.7152227575398062
2020-03-11,22.345527471672646,0.4872397431486545
2020-03-12,15.166791035239608,0.3080042612901995
2020-03-13,10.467126430516538,0.19104816567412844
2020-03-14,7.6285528093640975,0.12063325913623663
2020-03-15,5.873989951889131,0.07769883534022
2020-03-16,4.760361711758642,0.05108996248634202
2020-03-17,4.045759418563395,0.034548393730939805
2020-03-18,3.5781032232564804,0.024254394567907057
2020-03-19,3.2697380360153847,0.018029727528287205
2020-03-20,3.0529526417388255,0.014187769600891069
2020-03-21,2.879692046583479,0.01147342576380726
2020-03-22,2.7496190839284425,0.00981670130765713
2020-03-23,2.6474611639127907,0.008908882389070227
2020-03-24,2.5813655735417713,0.00891105137726498
2020-03-25,2.5631697949951207,0.010033865211050135
2020-03-26,2.420584924548776,0.008271168409667967
2020-03-27,2.332036165036529,0.007400770781223943
2020-03-28,2.4848290686085277,0.012238931519733761
2020-03-29,2.264949481000797,0.009059506393085169
2020-03-30,2.159738812461651,0.007593563769805465
2020-03-31,2.095210105387523,0.007288305118053451
2020-04-01,2.0000789805699544,0.006300165454363747
2020-04-02,1.9320179760689788,0.00587505300318899
2020-04-03,1.872652854845171,0.005615108730376018
2020-04-04,1.8162248229115323,0.005420786720513531
2020-04-05,1.761971335497847,0.00525130891272898
2020-04-06,1.7106280226253519,0.00510799142065547
2020-04-07,1.658911738499599,0.004929285170576358
2020-04-08,1.6097843720888634,0.004778201128895825
2020-04-09,1.5627115712289505,0.004654355359515097
2020-04-10,1.6578237793006354,0.009111649323607115
2020-04-11,1.5329244364767496,0.007136758608476106
2020-04-12,1.4545772860790178,0.005437715801632165
2020-04-13,1.3972788516261063,0.004626237260536368
2020-04-14,1.3678631013378209,0.004692644007114331
2020-04-15,1.3090828860619708,0.004077504424572115
2020-04-16,1.2941524911188451,0.004782297574766871
2020-04-17,1.241450898977065,0.004285068710801017
2020-04-18,1.199936665923465,0.00389392090339472
2020-04-19,1.1729979233180425,0.003918327845731721
2020-04-20,1.1275751642171052,0.003503190875579977
2020-04-21,1.093882939943541,0.0033642179045746683
2020-04-22,1.058746202508118,0.003180305368551051
2020-04-23,1.0271622528746853,0.0030632100449867164
2020-04-24,0.9967065329851433,0.0029643265022507156
2020-04-25,0.9673788376192234,0.002873815995667717
2020-04-26,0.9392636390459526,0.002793506272762576
2020-04-27,0.9116274221358961,0.0027085926199582706
2020-04-28,0.9189795377040099,0.0036505883789895188
2020-04-29,0.9884278285116224,0.006604871507328522
2020-04-30,0.9658983838082028,0.007620512020035996
2020-05-01,0.8796069150040258,0.005661697222670415
2020-05-02,0.8173403915694832,0.0038626379055411455
2020-05-03,0.7750723491549555,0.0029286291457639646
2020-05-04,0.7450319820439893,0.0024833498362546546
2020-05-05,0.7209781361198382,0.0022650683802134535
2020-05-06,0.7372485910851848,0.0036417793765642133
2020-05-07,0.7029469544556035,0.003193672682010286
2020-05-08,0.6751080478450876,0.002713507293522183
2020-05-09,0.7045481366659306,0.00442036755698728
2020-05-10,0.6416940133011927,0.0028138933488213998
2020-05-11,0.612265950529651,0.0022193670127240044
2020-05-12,0.5892271915470897,0.0019274652444133177
2020-05-13,0.6758837510364145,0.0058479585406375
2020-05-14,0.5907830736951756,0.0034675947854740496
2020-05-15,0.5763968711149181,0.0032150592936319145
2020-05-16,0.5381775471832292,0.0023601438448936714
2020-05-17,0.5142691880874363,0.0018999791242375014
2020-05-18,0.525539890091088,0.0028435991225517175
2020-05-19,0.7560046400602486,0.01244716945530928
2020-05-20,0.6816806086886996,0.010619171953620648
2020-05-21,0.7526949457068525,0.013718024649389367
2020-05-22,0.718480288558281,0.013294920843919823
2020-05-23,1.5756023912160975,0.048310691804796066
2020-05-24,1.472522811311119,0.042372312724895805
2020-05-25,0.9582269991209351,0.018057159279317645
2020-05-26,1.0314055912074347,0.01340734268978428
2020-05-27,0.8055299255057667,0.007253330134167144
2020-05-28,0.6730323031420529,0.004156894662564378
2020-05-29,0.6101663405144904,0.002776142664725744
2020-05-30,0.577035816634247,0.002147632336383699
2020-05-31,0.5550343375334533,0.0018413873135852883
2020-06-01,0.5371742395469058,0.0016767307093886296
2020-06-02,0.5210053322009907,0.0015762813058804253
2020-06-03,0.5058517973072533,0.0015065366188300967
2020-06-04,0.49145951997358817,0.0014521618247671365
2020-06-05,0.5413469751814955,0.03171157527777032
2020-06-06,0.4995286743789361,0.02464548078405193
2020-06-07,0.5004295780022168,0.028528704590489232
2020-06-08,0.5909254771889974,0.06557848405272908
2020-06-09,0.48021739678630543,0.03223307292537978
2020-06-10,0.43692967232051555,0.016098600414175598
2020-06-11,0.41090915147070056,0.008179102583966858
2020-06-12,0.3936263657637701,0.004421222674558935
2020-06-13,0.4035283551175394,0.01395527205404598
2020-06-14,0.38222449003474074,0.010495743149987202
2020-06-15,0.3904970108697916,0.01653935973807534
2020-06-16,0.3788627609965244,0.01554771716512008
2020-06-17,0.35555618784872467,0.010076484043165072
2020-06-18,0.3417063956593914,0.0071663238413428995
2020-06-19,0.3283707255736572,0.006126898018031412
2020-06-20,0.3371773882935751,0.012184801102544739
2020-06-21,0.31170896317957725,0.00680483005039574
2020-06-22,0.298319191066757,0.003972669457415879
2020-06-23,0.2874218507624213,0.0024250172760226915
2020-06-24,0.27826315634937987,0.0016150763685092212
2020-06-25,0.2702794264286887,0.0013628883464888426
2020-06-26,0.26259290138627567,0.0010900996557595484
2020-06-27,0.25540199678575953,0.0009211126811137652
2020-06-28,0.24843134284838791,0.0008207442828808242
2020-06-29,0.2508978286947064,0.005084493679623759
2020-06-30,0.2403767361171879,0.0038905326233909204
2020-07-01,0.2606804199077465,0.0030756317070679967
2020-07-02,0.2400689185084542,0.0019946096740669056
2020-07-03,0.22778211774470303,0.0013743770140167365
2020-07-04,0.21841795451685336,0.0010497793616783416
2020-07-05,0.20880312435216053,0.0008397878209860521
2020-07-06,0.2017008783963927,0.0007166780718130719
2020-07-07,0.19518416700151175,0.0006409641855559136
2020-07-08,0.22439604133318317,0.001158178789536511
2020-07-09,0.2103965565106365,0.001038819745965065
2020-07-10,0.2036675933583066,0.000996155103406179
2020-07-11,0.2080823132515575,0.001143024026261286
2020-07-12,0.18796834346183816,0.0008962505070513662
2020-07-13,0.17548581218313422,0.0007219875455268948
2020-07-14,0.16607388682369648,0.0006070302379582331
2020-07-15,0.15915567660736307,0.0005351707832258022
2020-07-16,0.15367232625532568,0.0004896380481420928
2020-07-17,0.14915723499078104,0.00045979694381975114
2020-07-18,0.1465800417654892,0.0004619539343434873
2020-07-19,0.1424872383367838,0.00044354177518938945
2020-07-20,0.13872582000373304,0.00042438888945856636
2020-07-21,0.13499029435654722,0.0004071925595175666
2020-07-22,0.1318638602889931,0.0004018047701091705
2020-07-23,0.5578446595345704,0.007984185542978974
2020-07-24,0.312022492838912,0.00409137236893001
2020-07-25,0.22893569962449623,0.0025474683612132214
2020-07-26,0.17201965216275145,0.0015356011980773888
2020-07-27,0.14026594408821352,0.0009692663210552537
2020-07-28,0.12515230239973218,0.0006904124757853682
2020-07-29,0.11585334763380721,0.0005257062957459344
2020-07-30,0.1102728886404293,0.00043054541410595824
2020-07-31,0.10610142176153121,0.0003729127884189161
2020-08-01,0.10298991369015482,0.00033789198970749645
2020-08-02,0.10026350484065863,0.000315089807153573
2020-08-03,0.09777879551186636,0.0002994176698937483
2020-08-04,0.09526991078193749,0.0002872023364269558
2020-08-05,0.09307111428688296,0.0002789766078794288
2020-08-06,0.09097020322637503,0.00027195036959402696
2020-08-07,0.19495803340249668,0.007353758687990862
2020-08-08,0.36865337039748614,0.01934230849992117
2020-08-09,0.21512926121156326,0.008391600775332837
2020-08-10,0.15592496552130675,0.004803274621956611
2020-08-11,0.11803953941157876,0.0027490852523557384
2020-08-12,0.09708142110123825,0.0016236354862521943
2020-08-13,0.08589421230265595,0.0010104342078593642
2020-08-14,0.07970160012989315,0.0006700109362793879
2020-08-15,0.07600099307361319,0.00047575361054813195
2020-08-16,0.07341539513536945,0.00036908778132876903
2020-08-17,0.07129661400060144,0.0003011156623908519
2020-08-18,0.06954232883391266,0.0002592038326091319
2020-08-19,0.06785623954038525,0.00023245958461241107
2020-08-20,0.0662571089537789,0.00021488258902083531
2020-08-21,0.06492461538174127,0.00020333456778015867
2020-08-22,0.06363989740639538,0.0001949872482308613
2020-08-23,0.06235312251689441,0.0001884576231576371
2020-08-24,0.061155661147545816,0.00018328123516376095
2020-08-25,0.05971560832231209,0.00017789760045995394
2020-08-26,0.05784651094207986,0.0001714460477660246
2020-08-27,0.055986077447575555,0.00016535647375964663
2020-08-28,0.05385582509044012,0.0001580069462123979
2020-08-29,0.05196032528905445,0.00015050960122186418
2020-08-30,0.0655029756519993,0.0013606223978242335
2020-08-31,0.052521258477773745,0.00041889476353895673
2020-09-01,0.04559720906346441,0.00027888964890098155
2020-09-02,0.040201060879888034,0.00020697637956097506
2020-09-03,0.055860855393929494,0.0007248310559054256
2020-09-04,0.08050580420593706,0.0015587297671091538
2020-09-05,0.06140892680224498,0.0010640786442511832
2020-09-06,0.04870408611551088,0.000738053795580622
2020-09-07,0.03863870759508391,0.0004981052810466611
2020-09-08,0.03206365234796092,0.00034283568060997587
2020-09-09,0.07007247489798804,0.0015776442760386225
2020-09-10,0.048585352340735626,0.0009104342612325996
2020-09-11,0.03914463300011752,0.0006219045253789709
2020-09-12,0.0325910557704073,0.0004296561675780078
2020-09-13,0.02805817824831825,0.00030094870751017213
2020-09-14,0.025266170075608173,0.00021827763790113755
2020-09-15,0.023533992126566025,0.00016455305488608193
2020-09-16,0.04406724958017138,0.0007686421613715895
2020-09-17,0.037476592618731354,0.0005715097236657033
2020-09-18,0.032571506556354456,0.0004263202976822523
2020-09-19,0.02993051872714229,0.0003447111649601397
2020-09-20,0.0384404885630999,0.0006278786731623342
2020-09-21,0.030761063756659424,0.00038611297728492934
2020-09-22,0.027094437665680593,0.0002795895230337614
2020-09-23,0.024591732956641695,0.00020791370513543656
2020-09-24,0.05291244577258508,0.0010473843897820015
2020-09-25,0.2491032459873622,0.007804296929516923
2020-09-26,0.12846484657582385,0.0036408525759820086
2020-09-27,0.07971918242919558,0.002021448808305343
2020-09-28,0.052494248915155015,0.0011632211463390176
2020-09-29,0.03768595857290858,0.0007021804106392553
2020-09-30,0.029876482444070138,0.00045151584947450895
2020-10-01,0.025438519083071112,0.0003053395340889067
2020-10-02,0.022921557603239398,0.00021701551364335325
2020-10-03,0.021441399988040014,0.00016169419845796836
2020-10-04,0.033728273704740415,0.00027855611936292515
2020-10-05,0.04325024978623781,0.0003797800435631199
2020-10-06,0.12250938616525688,0.001394435415661127
2020-10-07,0.08907288779453061,0.0009715047500263169
2020-10-08,0.06009126922691717,0.0006050235403330697
2020-10-09,0.043852243846361945,0.00040221895013087716
2020-10-10,0.033510978288246375,0.0002714589716488771
2020-10-11,0.027369658792373262,0.00019096404110147922
2020-10-12,0.023733183469363192,0.00014161416511963005
2020-10-13,0.02161075587401946,0.00011104068043032791
2020-10-14,0.022879550880115562,0.00011267657491542853
2020-10-15,0.023332433545944248,0.0001138820564727826
2020-10-16,0.022707843631253766,0.00010786490664304391
2020-10-17,0.02125717423633834,9.289002371589916e-05
2020-10-18,0.02020858014056694,8.2136771163201e-05
2020-10-19,0.019330812097938202,7.339265334934925e-05
2020-10-20,0.018867091400801027,6.748578848059667e-05
2020-10-21,0.019043412465514956,6.805002048108195e-05
2020-10-22,0.018683568111808917,6.429821610154504e-05
2020-10-23,0.018394708311079196,6.103611690332205e-05
2020-10-24,0.018368604576592375,5.920884152403216e-05
2020-10-25,0.018291528469908124,5.768591048067688e-05
2020-10-26,0.1185351749928083,0.0013320860768108146
2020-10-27,0.23218478092759787,0.0028722976767584837
2020-10-28,0.12864866025878574,0.0015232279456024382
2020-10-29,0.15295387562306678,0.0018475760828986765
2020-10-30,0.08877079945465788,0.0010185507124526058
2020-10-31,0.06014268180137833,0.0006513291446376992
2020-11-01,0.04183504176033576,0.0004119406090283651
2020-11-02,0.031225626209241016,0.00026895971720634036
2020-11-03,0.025213623699628384,0.0001856356613388615
2020-11-04,0.021987061352120033,0.00013694637376602758
2020-11-05,0.019897523108598807,0.00010623212327453788
2020-11-06,0.018681745020897263,8.701041128823145e-05
2020-11-07,0.018114965150316666,7.524130443222917e-05
2020-11-08,4.27731912404817,0.23346728881221582
2020-11-09,1.354307568681263,0.0643597653367559
2020-11-10,0.7754874676563726,0.026767352944959483
2020-11-11,0.5138069038872154,0.011579151778950882
2020-11-12,0.41349111456286286,0.005718552728797356
2020-11-13,0.36910270001691203,0.0032236597850564953
2020-11-14,0.34591187178077504,0.0020942395942473925
2020-11-15,0.330980460821296,0.0015549263620739497
2020-11-16,0.31945378257420165,0.001281957120765311
2020-11-17,0.3096213055386031,0.0011338792538915063
2020-11-18,0.30077633084766425,0.0010463760006359784
2020-11-19,0.3051332473869816,0.0015548664813422183
2020-11-20,0.384294041695107,0.006168725257015761
2020-11-21,0.3258770274603018,0.0038711533915479403
2020-11-22,0.29813707532094275,0.0025775252986219425
2020-11-23,0.2828215824777731,0.002201154898257692
2020-11-24,0.2640536125212232,0.001588597224844579
2020-11-25,0.2513331799625594,0.0012145109330672873
2020-11-26,0.2420130763054837,0.001002157105228075
2020-11-27,0.23376919453374298,0.0008777019182987484
2020-11-28,0.2270053294467387,0.0008033568706005884
2020-11-29,0.22036926468891832,0.0007532803985668666
2020-11-30,0.21418917748307448,0.0007174950543763707
2020-12-01,0.2082923098904394,0.0006895919210054555
2020-12-02,0.20214449884429256,0.0006648253243455007
2020-12-03,0.19594805300810594,0.0006422260466854135
2020-12-04,0.19030932625417263,0.0006225380370446934
2020-12-05,0.18492984947693303,0.0006041951021795529
2020-12-06,0.1797386482024197,0.0005869116881540519
2020-12-07,0.1748826211973335,0.0005706777355098295
2020-12-08,0.17048593853438165,0.0005559864543724566
2020-12-09,0.20155467788767223,0.0009210287035609868
2020-12-10,0.344915531798027,0.002857602171320593
2020-12-11,0.5444829977667597,0.005552781879850257
2020-12-12,0.3088305845928067,0.0026623256239474147
2020-12-13,0.22265669006813688,0.0015848800512483772
2020-12-14,0.17928254821855832,0.0010371613477710806
2020-12-15,0.1567567618517999,0.0007488983219363771
2020-12-16,0.2650503038666664,0.002000312302649881
2020-12-17,0.20039988896449037,0.0013042066022011128
2020-12-18,0.1809305199736227,0.001160993699567931
2020-12-19,0.15410823958596553,0.0008595354494198242
2020-12-20,0.13663249636838337,0.0006531342290359162
2020-12-21,0.12595887153945876,0.0005295581362169391
2020-12-22,0.12172077604389303,0.00048197776232690746
2020-12-23,0.131530163544609,0.0006576825321676004
2020-12-24,0.868231052643359,0.01063474819885872
2020-12-25,0.5635159547059488,0.005889985443628726
2020-12-26,1.8014103576000757,0.02087855125484319
2020-12-27,1.1901550230761553,0.012031120869103091
2020-12-28,0.8887133043176376,0.008552033735678118
2020-12-29,2.6780205848760894,0.02890691210016334
2020-12-30,50.05035722893285,0.5341959515939916
2020-12-31,43.270058580822074,0.5508936466558357
2021-01-01,22.330408068287966,0.4781438271144791
2021-01-02,11.793314991950716,0.26354910769305
2021-01-03,5.945962288306488,0.12478737991660094
2021-01-04,3.429421290969792,0.06239313511917017
2021-01-05,2.257973979471719,0.032692848217826594
2021-01-06,6.759064503216501,0.16665750835175486
2021-01-07,23.912778567336634,0.6222585898244635
2021-01-08,22.500680075702036,0.5824744512227492
2021-01-09,62.268396470662296,1.7116488484201655
2021-01-10,53.04675537638905,1.3881011741826645
2021-01-11,121.76945808917402,3.199950399647965
2021-01-12,44.346459336134714,1.1166813132216675
2021-01-13,30.766137119833722,0.721408485749712
2021-01-14,17.749121515201086,0.39475121947009595
2021-01-15,11.410848546247182,0.23251535492896797
2021-01-16,7.744601487345342,0.13848631636629607
2021-01-17,5.6393965724631405,0.08502826297425975
2021-01-18,4.3826113088170455,0.05351278325815749
2021-01-19,3.6731652698371753,0.03644880530970181
2021-01-20,3.1561381044672925,0.02404701790175266
2021-01-21,2.8432813497902796,0.017219268328940975
2021-01-22,2.65615055908013,0.013667719394718699
2021-01-23,2.465684522987752,0.010178157935412283
2021-01-24,2.339767141244297,0.008304734036494498
2021-01-25,2.2433295389204178,0.007246636065232046
2021-01-26,2.1746048765088046,0.006846717197063876
2021-01-27,2.1051295806284878,0.006491083862512953
2021-01-28,2.0479599036210043,0.006448542672787415
2021-01-29,2.110761297739527,0.009259026280450812
2021-01-30,2.0114799582948604,0.008165076604354005
2021-01-31,2.0225117687523038,0.009857706683920145
2021-02-01,1.8794218646456389,0.007699417675329603
2021-02-02,1.7767784603707013,0.006154977463003419
2021-02-03,1.703890896503809,0.005314578922775634
2021-02-04,1.6840272813315889,0.005951208800439403
2021-02-05,1.696333065462322,0.007766764108545649
2021-02-06,1.7290566310264597,0.010826102274344036
2021-02-07,1.5706335893870367,0.006983919692427223
2021-02-08,1.4916288855286266,0.005348465876824265
2021-02-09,1.6273826865673024,0.00994361487687954
2021-02-10,1.5089610673130034,0.00849478538772505
2021-02-11,1.4126077611526717,0.006339290712203557
2021-02-12,1.3326614106326948,0.005048189106914053
2021-02-13,1.2688920166021191,0.004200884831409954
2021-02-14,1.22419593335318,0.0037845835300382097
2021-02-15,1.4290263070280997,0.010466103922588236
2021-02-16,1.5131530988602273,0.015133206192795512
2021-02-17,1.347973682532041,0.011125713720503347
2021-02-18,1.1653266778264388,0.006427101605733008
2021-02-19,1.1221744047937838,0.005588304410681515
2021-02-20,1.3889923182736432,0.015013606651596938
2021-02-21,1.1135105511107768,0.007769184042088951
2021-02-22,1.018084309047256,0.004923121446215763
2021-02-23,0.9547858362029048,0.003602232104010871
2021-02-24,0.9138231244863898,0.00299465369040889
2021-02-25,0.9240435188785615,0.0039148078889240726
2021-02-26,0.8843207959750038,0.0034566079498348588
2021-02-27,1.151522848551714,0.012473128798380678
2021-02-28,1.1210334402301037,0.01285176453162992
2021-03-01,0.9655859421397446,0.0073686803428244085
2021-03-02,0.9767458146933271,0.006951485934766413
2021-03-03,0.8212970171881029,0.0040849390108442536
2021-03-04,0.7577162425306718,0.0030092455645290323
2021-03-05,0.7263391515354225,0.0026335956002124803
2021-03-06,0.6871988218678341,0.00222290199924758
2021-03-07,0.6677285914739913,0.002125953287557854
2021-03-08,0.6448624577511124,0.001983588813329387
2021-03-09,0.7445694139792962,0.0036283239720101505
2021-03-10,0.6557733037955605,0.002697042697924472
2021-03-11,0.6098115758139242,0.0021577757525345397
2021-03-12,0.604432634036424,0.002225847851655177
2021-03-13,0.5778235606595792,0.0020493414094122876
2021-03-14,0.5647756213287947,0.0020960040094267617
2021-03-15,0.5321845766470672,0.0017341792809715665
2021-03-16,0.5101952776727012,0.001565496959634825
2021-03-17,0.50432423225791,0.001690982002662722
2021-03-18,0.7474797580479633,0.005402698535640569
2021-03-19,2.63997458609602,0.03391440371431994
2021-03-20,1.458020510210235,0.015748182450422688
2021-03-21,1.4479906939940443,0.01567436666914492
2021-03-22,2.6449762459640147,0.03320054626256864
2021-03-23,16.861740177494205,0.2917371780968036
2021-03-24,13.749727120569162,0.2410855859927337
2021-03-25,8.716271380261118,0.14903659447739168
2021-03-26,4.300295676627788,0.06648113429819982
2021-03-27,2.3292010531419973,0.02921335118070614
2021-03-28,1.5269093719398656,0.014370636910517966
2021-03-29,1.1657136327288005,0.007842869735138095
2021-03-30,0.9933158197180051,0.004862779291968208
2021-03-31,0.9579861730222992,0.004377539186477021
2021-04-01,1.0217904034697345,0.03940455669050674
2021-04-02,0.8766789096189811,0.013231025204118438
2021-04-03,0.8213417975978933,0.007545807970878094
2021-04-04,0.913192773440297,0.033088143277810955
2021-04-05,0.8239028435607005,0.016254790487065685
2021-04-06,0.9876061619937647,0.05584548008273957
2021-04-07,0.9564404465622046,0.04302262247680356
2021-04-08,1.0510648545302583,0.06519241035816861
2021-04-09,0.8830188893922608,0.04109110229809965
2021-04-10,0.759200522082081,0.02622634905286973
2021-04-11,0.6730777026952781,0.011504327759214146
2021-04-12,0.7250939469651417,0.020735033412464295
2021-04-13,0.6431893634924194,0.011492590965289085
2021-04-14,0.6063549307819475,0.007547552765843381
2021-04-15,0.5718853389902752,0.003681043575392639
2021-04-16,0.5483045490837745,0.002427131951525255
2021-04-17,0.5310647124050016,0.001936506258384973
2021-04-18,0.5148219424766048,0.0016896709435378148
2021-04-19,0.4992578545866942,0.0015191225812007604
2021-04-20,0.489296964899714,0.0020842284026936584
2021-04-21,0.4728626232962207,0.0017493509496938357
2021-04-22,0.458639394680783,0.0014933535304804822
2021-04-23,0.45660654428409014,0.0032894185925374138
2021-04-24,0.7347288519785491,0.06283410389209379
2021-04-25,0.5819728342463906,0.02702440466308381
2021-04-26,0.5115346650793932,0.01489741932990616
2021-04-27,0.44435588286755684,0.0075853571662248785
2021-04-28,0.408024909291108,0.00460165915239629
2021-04-29,0.38313083492878597,0.0025635850677380397
2021-04-30,0.4281391286312253,0.014276558777922716
2021-05-01,0.387158450286543,0.005550075081069706
2021-05-02,0.36201545879779257,0.003275643180060656
2021-05-03,0.34239952364310355,0.002025902908020922
2021-05-04,0.3277765232999423,0.001429806745714814
2021-05-05,0.3171102323460775,0.0011603977568512055
2021-05-06,0.3071940334927534,0.0010084961779138575
2021-05-07,0.29816910695866905,0.0009110916648974261
2021-05-08,0.289574562609028,0.0008491889075400585
2021-05-09,0.28140204774043776,0.0008057923246080902
2021-05-10,0.27349060292015176,0.0007730453058206201
2021-05-11,0.2658227146726606,0.0007462484704627317
2021-05-12,0.25851978522208613,0.0007231526576928728
2021-05-13,0.2525971470430604,0.0007926992484221438
2021-05-14,0.24668141181793737,0.0007722794323969704
2021-05-15,0.23923573453786262,0.0007401200048152483
2021-05-16,0.23248328528369588,0.000697439318052338
2021-05-17,0.22589755107597367,0.0006587801836675086
2021-05-18,0.21951229982016732,0.0006281348246223209
2021-05-19,0.2184994655857945,0.0007735892523221326
2021-05-20,0.21045844420228865,0.0007053494087904135
2021-05-21,0.20969634740942378,0.0008424017888580012
2021-05-22,0.21199013360351723,0.00110397825376834
2021-05-23,0.2644123620069561,0.004170086034575694
2021-05-24,0.21699886068733162,0.001833655585532799
2021-05-25,0.2510379827098487,0.0034953418775734444
2021-05-26,0.2131331022275769,0.002195988149456039
2021-05-27,0.19272080191907248,0.0014715067793380635
2021-05-28,0.17784511222991847,0.001026210366059532
2021-05-29,0.16783514876578803,0.0007608562964123033
2021-05-30,0.160963165903238,0.0006089697792579529
2021-05-31,0.15556947375244726,0.0005213190570090309
2021-06-01,0.15512818305354448,0.0006842787688225725
2021-06-02,0.16601423563569467,0.0013903702563804572
2021-06-03,0.1530084119663534,0.0009204569903935931
2021-06-04,0.15188212128900327,0.0010420509655793468
2021-06-05,0.14064474812781386,0.0006652528913025368
2021-06-06,0.13490101097535656,0.0005319978141154016
2021-06-07,0.1303585156186822,0.00045222026562314265
2021-06-08,0.12646915635569617,0.000402866033516924
2021-06-09,0.1349790515705681,0.0009324147619811038
2021-06-10,0.12606613058468855,0.0007026029211525407
2021-06-11,0.12026446008612846,0.0005516577321034988
2021-06-12,0.11560704192097564,0.00044988602437611905
2021-06-13,0.11254154728126511,0.00040836350246525313
2021-06-14,0.11551047996953236,0.0006869504616749705
2021-06-15,0.3326658941034856,0.011702501730344235
2021-06-16,0.21030474284823056,0.006260963603472605
2021-06-17,0.8905316680321568,0.04505091874827423
2021-06-18,0.44167653878470564,0.02052841496557398
2021-06-19,0.30216611852612185,0.011105514279017004
2021-06-20,0.20514074486556183,0.005647820125838113
2021-06-21,0.1566546300177557,0.003004246900161074
2021-06-22,0.1343033809144177,0.0017401873525792662
2021-06-23,0.12432169037030283,0.0011653392254962753
2021-06-24,0.15862917448994143,0.0030289927812306517
2021-06-25,0.1362796384280859,0.002100947318736706
2021-06-26,0.12463676609822616,0.0014604128024163403
2021-06-27,0.11795313587981161,0.0011663491455282257
2021-06-28,0.10787785272239787,0.000730595656811758
2021-06-29,0.10244889222153576,0.0005283243666109893
2021-06-30,0.1018050570750608,0.0005763874830478821
2021-07-01,0.09811482480789246,0.0006142847395288873
2021-07-02,0.09660876108668161,0.0008646773375896382
2021-07-03,0.12444608404177458,0.005521752786742086
2021-07-04,0.10906063147496335,0.004953997931629
2021-07-05,0.09810359255179121,0.003394869918892135
2021-07-06,0.09106394840366693,0.002192607200294074
2021-07-07,0.08605150467298005,0.0013889435481625873
2021-07-08,0.08531147213179335,0.0015176433347729261
2021-07-09,0.08139508029886112,0.00111015224476363
2021-07-10,0.07840198305912949,0.000768676825485844
2021-07-11,0.07611554365907755,0.0005419402154455888
2021-07-12,0.07429366954281796,0.000401508576541623
2021-07-13,0.07255479768810842,0.0003163383616824209
2021-07-14,0.07093871504580421,0.0002650455111962794
2021-07-15,0.0939812081413818,0.004517182465770478
2021-07-16,0.08188173182115745,0.0038908790259379444
2021-07-17,0.07612613797580647,0.0028614428141649937
2021-07-18,0.07062042540170789,0.0019136286387680065
2021-07-19,0.06660714339386109,0.001244048217472611
2021-07-20,0.0638015844108411,0.0008157509098018673
2021-07-21,0.06175820787193686,0.000552723924418533
2021-07-22,0.060234360236205896,0.000394340796340236
2021-07-23,0.05885131910747689,0.00029902981750995424
2021-07-24,0.057536856996867634,0.00024143093437220696
2021-07-25,0.056324856159860714,0.00020632388652759204
2021-07-26,0.055319159351603905,0.0001848833178637781
2021-07-27,0.054282297882178164,0.00017093035444207182
2021-07-28,0.053248706775400806,0.0001615006306123222
2021-07-29,0.05230721591815175,0.0001549929960175402
2021-07-30,0.051606033727519936,0.00018548391430964277
2021-07-31,0.05054303402212092,0.00017677666163606152
2021-08-01,0.0495093753452505,0.00016442334788689677
2021-08-02,0.04858765442521084,0.00015432366293886227
2021-08-03,0.04789504605969706,0.00014716415879138678
2021-08-04,0.04696047857449834,0.00014094281741291746
2021-08-05,0.04616306197056319,0.00013639239047971176
2021-08-06,0.04542232432725164,0.00013280896676503705
2021-08-07,0.04479445299642274,0.00013009890367254685
2021-08-08,0.0439982091955533,0.00012720282863514738
2021-08-09,0.04333680355703887,0.00012499344048418575
2021-08-10,0.04262528654138634,0.00012273421657627674
2021-08-11,0.0923894888888832,0.0017554084359531804
2021-08-12,0.08372963136629087,0.0018427938743341696
2021-08-13,0.10998948887690306,0.0027590036488462973
2021-08-14,0.07895163523723446,0.00206193287227461
2021-08-15,0.07063104639127181,0.0015727251509251694
2021-08-16,0.057860289176618104,0.0011412658552381943
2021-08-17,0.0489080951258762,0.0007576343503407694
2021-08-18,0.04366031749464689,0.0005522769768014554
2021-08-19,0.03962068374001335,0.00040035531351005583
2021-08-20,0.03772316620141867,0.00031507541121964194
2021-08-21,0.034636464094280076,0.00022774304418878794
2021-08-22,0.03310902199481927,0.00017395675568549152
2021-08-23,0.03229974913865958,0.00014143937376287204
2021-08-24,0.03169593063610657,0.00012024866529883663
2021-08-25,0.031255871219052586,0.00010660626519192154
2021-08-26,0.03104199070860197,9.822896178961988e-05
2021-08-27,0.030597961655710958,9.20085111172387e-05
2021-08-28,0.030193455204275473,8.782029172991211e-05
2021-08-29,0.029676891393927173,8.432056172727581e-05
2021-08-30,0.029055157368907934,8.091517569364559e-05
2021-08-31,1.700392765036472,0.05599051479336619
2021-09-01,0.671426005802697,0.041078632066544274
2021-09-02,0.42985219700480987,0.019509109447280657
2021-09-03,0.2803802794796019,0.00934476613286867
2021-09-04,0.21647359819949707,0.017079127886518483
2021-09-05,0.17896539364965486,0.008105906355466954
2021-09-06,0.16316099774655693,0.007332304820277777
2021-09-07,0.15242031887934376,0.0042931116804557756
2021-09-08,0.14538849896550324,0.0025142509178032054
2021-09-09,0.14029877268499422,0.0015106208141334836
2021-09-10,0.13616808175623013,0.0009709859444466714
2021-09-11,0.1323200495079212,0.0006813089373089504
2021-09-12,0.12896470718410663,0.000524711154533466
2021-09-13,0.1257789385980818,0.0009821046744747696
2021-09-14,0.1223256134900978,0.0009681628604856183
2021-09-15,0.1194514254017565,0.0007826040992032111
2021-09-16,0.11628300003206248,0.0005988018434251178
2021-09-17,0.11336473515705416,0.0004692346897053648
2021-09-18,0.110560951752226,0.00038878880441326245
2021-09-19,0.1077629209202603,0.0003408889778883149
2021-09-20,0.1051339085785037,0.00031251333892343564
2021-09-21,0.10244863481969008,0.0002942658823445701
2021-09-22,0.10002528195076976,0.0002821682550565779
2021-09-23,0.09768735982588558,0.0002730275271455037
2021-09-24,0.09562740021484825,0.0004566055438992039
2021-09-25,0.09334504624754604,0.0004117835343649211
2021-09-26,0.09116832559974575,0.00035258993529893026
2021-09-27,0.08901589220128128,0.0003083853807170379
2021-09-28,0.0890903712070409,0.0035738899177518053
2021-09-29,0.09630729381504673,0.019198739268679536
2021-09-30,0.08850728315580764,0.01043298328343547
2021-10-01,0.08467629691171716,0.006618103199226497
2021-10-02,0.23366786467433134,0.006902346195839957
2021-10-03,0.13037684916300413,0.003220657419061096
2021-10-04,0.09820533759060568,0.001734838134619602
2021-10-05,0.07934198948705452,0.0010051880247100174
2021-10-06,0.06553707393322226,0.0006125712328327375
2021-10-07,0.05481453565336532,0.00039465466918388136
2021-10-08,0.04673179384882745,0.0002718058337805791
2021-10-09,0.040717963653094255,0.0002008758085187552
2021-10-10,0.03645183493915277,0.0001588896605433055
2021-10-11,0.033320672748344715,0.00013298854810140845
2021-10-12,0.03093599242639963,0.00011638709819251955
2021-10-13,0.027385444892932785,9.853838699947097e-05
2021-10-14,0.024887254921192283,8.60340016156298e-05
2021-10-15,0.050845744307031135,0.0004226081416342513
2021-10-16,0.045896435655080836,0.00040332387787547617
2021-10-17,0.03785405346424222,0.0003154294143237412
2021-10-18,0.03560312145730406,0.00029058803037504627
2021-10-19,0.03283902948410222,0.0002614566951404266
2021-10-20,0.08956493979109169,0.0010671797762646297
2021-10-21,0.09428332193894404,0.001110676411796784
2021-10-22,0.07045495621250648,0.0007680458888065624
2021-10-23,0.05119979568421679,0.0005158540543164691
2021-10-24,0.04569302511257493,0.0004391953364060193
2021-10-25,0.05086059317754828,0.0005087811518680236
2021-10-26,0.04315003534554001,0.00041211869925321187
2021-10-27,0.03449727858921798,0.00029917216348172284
2021-10-28,0.02825880774416534,0.00021594550515414003
2021-10-29,0.02429852165543841,0.00015983363902313463
2021-10-30,0.02170319709983661,0.00012258245617264047
2021-10-31,0.020081095470824845,9.838121250308026e-05
2021-11-01,0.05387084176183672,0.0005731131122447246
2021-11-02,0.04616637290245432,0.0005050061283704211
2021-11-03,0.04053419105292997,0.0004284309787302033
2021-11-04,0.034922348196760274,0.0003437414852138324
2021-11-05,0.0274290382709316,0.00022907157312751503
2021-11-06,0.036344059404059915,0.0003552468187968504
2021-11-07,0.02837809618353504,0.0002407514185344845
2021-11-08,0.023722204871295106,0.0001691217426612431
2021-11-09,0.1780565336170142,0.0027291056995951035
2021-11-10,0.10466385588368597,0.0016217841455079655
2021-11-11,0.07386788897930625,0.0010818153707051604
2021-11-12,0.04782935627230043,0.0006354365612877779
2021-11-13,0.7538210046572239,0.01263207992145339
2021-11-14,0.310897286317636,0.005419694289332459
2021-11-15,0.1805879002261954,0.0030790553348999518
2021-11-16,0.1006463871269264,0.001620087586661672
2021-11-17,0.08860008001097693,0.0013623894477631062
2021-11-18,0.05953132838848236,0.0008486933746378367
2021-11-19,0.045491007726812666,0.0005915375165259259
2021-11-20,0.03476068081580112,0.00039868713140625957
2021-11-21,0.02769148524500865,0.00027119015535552476
2021-11-22,0.02342424423531996,0.00019183164443673068
2021-11-23,0.24748080536667008,0.003797113773110877
2021-11-24,0.2544862902245119,0.004219571780463545
2021-11-25,0.21079798852474638,0.0034305903741163953
2021-11-26,0.28135153448591477,0.004576119581612376
2021-11-27,0.44731468713900707,0.007167293663575671
2021-11-28,0.22189783586820222,0.0034467740317237266
2021-11-29,3.1429225007088895,0.04576425894732806
2021-11-30,1.279209105237082,0.017691635246541285
2021-12-01,0.49253961330417984,0.009731680033982098
2021-12-02,1.8983566312983153,0.09835116479449987
2021-12-03,0.9692538937133114,0.04482737137493419
2021-12-04,0.4435725607658563,0.014208866629168745
2021-12-05,0.31644727171283493,0.006049268981479994
2021-12-06,0.2717218788424187,0.0030896902327704093
2021-12-07,0.2534315697383642,0.0021296919233720116
2021-12-08,0.24104113012368905,0.0014844615483335026
2021-12-09,0.23206493570735473,0.0011361825280187322
2021-12-10,0.5030273511483501,0.020632884457174563
2021-12-11,0.5820172756274589,0.03446682051848855
2021-12-12,1.6713116585529109,0.1505765136381248
2021-12-13,0.8850977545468385,0.06956546690140496
2021-12-14,0.7630303707249412,0.03700717928295573
2021-12-15,0.5309971119810984,0.016404783641039047
2021-12-16,0.42101312882390757,0.007794865064633567
2021-12-17,0.3727921769739534,0.0041532006165378235
2021-12-18,0.3488872441973945,0.0025464981375896718
2021-12-19,0.3901018773751649,0.008155896987663981
2021-12-20,0.3517718651611124,0.005832871662099393
2021-12-21,0.33334997589494586,0.003983145320538281
2021-12-22,0.31296450458608394,0.002481113368540245
2021-12-23,0.29888433495042194,0.0017099512478131835
2021-12-24,0.28806089021867093,0.0013031917215096023
2021-12-25,0.28072246288558356,0.0011405352547222294
2021-12-26,0.3552261853541009,0.008636676166356175
2021-12-27,0.6306680297647693,0.03339518516380053
2021-12-28,0.41307044818431304,0.017820464900560367
2021-12-29,0.47480217713584594,0.021251809724694086
2021-12-30,0.8294543596020229,0.06959522939344631
2021-12-31,2.124401319158318,0.1649101284140544
2022-01-01,0.794779334517713,0.054258137485292735
2022-01-02,0.5311251810716944,0.023492248633706622
2022-01-03,0.42514938124339957,0.01108413652917764
2022-01-04,0.37871947850969484,0.00571870323632707
2022-01-05,0.35496547621357694,0.0032749584854391387
2022-01-06,0.34003400927263033,0.0021191612543814222
2022-01-07,0.6258224337684404,0.03165820816051403
2022-01-08,0.545163984738449,0.02636316892397969
2022-01-09,0.4252182045605134,0.014594465563692071
2022-01-10,0.4352887670083594,0.0148355503982382
2022-01-11,0.497446018617488,0.02330478887731298
2022-01-12,0.38751824491533104,0.014443061464404636
2022-01-13,0.3358832528595082,0.009354357930063372
2022-01-14,0.2955351646710266,0.00524378283441792
2022-01-15,0.272720231753679,0.0030881421568857066
2022-01-16,0.2584233032480307,0.0019668446232197273
2022-01-17,0.24879472348271714,0.0013820659645464644
2022-01-18,0.24049974629309442,0.0010703929905377721
2022-01-19,0.23375741294267036,0.0009451390545220879
2022-01-20,0.2667866857580619,0.004648967039258259
2022-01-21,0.42566608789752586,0.022704794472325904
2022-01-22,0.3631544191025088,0.020002598861584567
2022-01-23,0.2927972809977475,0.012850249070112327
2022-01-24,0.24868758147245107,0.007476520172897119
2022-01-25,0.2198274000909961,0.004264403623934877
2022-01-26,0.22636519526741145,0.005010553924025001
2022-01-27,0.2588070916085183,0.008400755903358696
2022-01-28,0.3151058378356117,0.014300748584178301
2022-01-29,0.31665103995580685,0.01707016270451818
2022-01-30,0.2781102210776221,0.013903910100296797
2022-01-31,0.4704144549493414,0.0388733592652034
2022-02-01,0.44943586402870417,0.027571399133452863
2022-02-02,0.3183430358265046,0.014288086002843692
2022-02-03,0.2769212494964538,0.009071150532823861
2022-02-04,3.166187702253999,0.10966721962835907
2022-02-05,1.4013455347440729,0.04094243954668016
2022-02-06,1.1993729119475918,0.02450448339085659
2022-02-07,0.7888982551338657,0.012138374754821338
2022-02-08,0.5464429525284823,0.006057385788675542
2022-02-09,0.44295474968059345,0.003331915845178015
2022-02-10,0.3967449276936065,0.0020945480060797577
2022-02-11,0.3733782960115629,0.001540104787887169
2022-02-12,0.35893713901557966,0.0012826319955004494
2022-02-13,0.3599904328838056,0.001721126939441175
2022-02-14,0.3759378071419837,0.0026226445960108053
2022-02-15,0.3945852075203339,0.0038602149479034387
2022-02-16,0.5593262578126367,0.011271817184090123
2022-02-17,0.6216147915919714,0.01419474174270276
2022-02-18,0.43622352225812727,0.006826902206129749
2022-02-19,0.3630144946186955,0.003915457403560548
2022-02-20,0.3177760925928734,0.002470163594785287
2022-02-21,0.2889787618860624,0.001581860827020816
2022-02-22,0.3030539312549141,0.0025208532957275787
2022-02-23,0.31455978285925257,0.0031825165053248274
2022-02-24,0.27564691097665334,0.0017738802162505817
2022-02-25,0.35377489569637005,0.004717380381821551
2022-02-26,0.494398603528342,0.012478773346215218
2022-02-27,0.36231923807420796,0.0059439399159009745
2022-02-28,0.30142907753727305,0.0037919641127088966
2022-03-01,0.25041956683581784,0.0020373151330786623
2022-03-02,0.2282543808883965,0.0013583730639535865
2022-03-03,0.21883824490030285,0.0011003639564166096
2022-03-04,0.2111601183035379,0.0009356853926176502
2022-03-05,0.2953994159911197,0.003922431627935445
2022-03-06,0.22378777928363186,0.0016233588150241166
2022-03-07,0.24144585261934645,0.001989039776435923
2022-03-08,0.274094493336672,0.0029519523711556955
2022-03-09,0.24058992642249666,0.002133957701846574
2022-03-10,0.24122267547326273,0.0025260755333859847
2022-03-11,0.3346559100470879,0.00522605695426227
2022-03-12,0.5081600261697664,0.011588475040950272
2022-03-13,0.46245789430973183,0.009191460595524418
2022-03-14,0.31054785055726897,0.004775868815135694
2022-03-15,0.302356210152296,0.004880017771880396
2022-03-16,0.2189989914806069,0.0026109314342360372
2022-03-17,0.17936476219884118,0.0015622290390816973
2022-03-18,0.15594924334128019,0.0010118255328586407
2022-03-19,0.14383797843281854,0.0007486679468371784
2022-03-20,0.13556816744405736,0.0005805817471967136
2022-03-21,0.14032350940292004,0.0008225527800088938
2022-03-22,0.130269834730584,0.000593230229153272
2022-03-23,0.12404016122495677,0.00048229859088775684
2022-03-24,0.11945144007532711,0.000418576527881319
2022-03-25,0.116438837582785,0.000398183246012232
2022-03-26,0.11317511761911353,0.00036828083007098516
2022-03-27,0.15807563254770382,0.0016385367449491474
2022-03-28,0.3066805840667542,0.006069745750155257
2022-03-29,0.20140764307926634,0.002892798580874862
2022-03-30,0.15430368325991267,0.0016664983791059601
2022-03-31,0.12510456027325287,0.0010247930395571427
2022-04-01,0.10892521680503169,0.0006840259981253969
2022-04-02,0.16771266718512298,0.002381771648149563
2022-04-03,0.12069463204939444,0.0009325633858147512
2022-04-04,0.44507623627308335,0.007880191293433807
2022-04-05,0.27431356555739,0.0037657360439700303
2022-04-06,0.18840089823268352,0.0020798292427433615
2022-04-07,0.1364713161204899,0.0012315320390381137
2022-04-08,0.10737768701128257,0.0007682665566165163
2022-04-09,0.15360199414816492,0.002137009518838811
2022-04-10,0.21221974604309304,0.0033045591814676294
2022-04-11,0.15339915312302924,0.0017941760637226304
2022-04-12,0.11837846793454668,0.001083320260317008
2022-04-13,0.11043594660860338,0.001049917757436103
2022-04-14,0.10752191413695106,0.001005249306159209
2022-04-15,0.08786590647340513,0.0005896567698352296
2022-04-16,0.07792948572118885,0.00041894521639138115
2022-04-17,0.07172847569550543,0.00032276188817145904
2022-04-18,0.07140532983272546,0.0003763224412906501
2022-04-19,0.17671854052323596,0.0032827296287792677
2022-04-20,0.13512216711484593,0.0016675493148757571
2022-04-21,0.1364390890643097,0.0015563461579457647
2022-04-22,0.2851709833320676,0.004907583990299561
2022-04-23,2.419476424495834,0.05603872928856137
2022-04-24,1.1126665499713762,0.017831212166391622
2022-04-25,1.5535671042401784,0.024034333106558465
2022-04-26,5.917979119244589,0.11949478090520364
2022-04-27,6.5706302339430085,0.12137034222624184
2022-04-28,3.46816383344795,0.053182855823210404
2022-04-29,1.9146283202970455,0.02441260179761876
2022-04-30,1.1444375343090385,0.011066087790741426
2022-05-01,0.8394152738503341,0.006077852406987327
2022-05-02,0.7079324544302923,0.0035923291384926575
2022-05-03,0.6663317167548203,0.003077050372830005
2022-05-04,0.621277722077773,0.0021813546825510425
2022-05-05,0.5939630272863516,0.0017929482970955252
2022-05-06,0.5734748851694451,0.0016024006341006625
2022-05-07,0.6373111729906219,0.004230453902507529
2022-05-08,0.6392404973404412,0.0049045846433999635
2022-05-09,3.308417264292089,0.11184536436970424
2022-05-10,13.485116683535066,0.4725977908533511
2022-05-11,52.22520448978358,1.761208535730715
2022-05-12,52.29021249566245,1.6928877868329495
2022-05-13,32.02049254731628,0.9820903292412702
2022-05-14,20.455962681728945,0.591328742099973
2022-05-15,13.279520841808862,0.35807313774529786
2022-05-16,8.687285140787642,0.21174884508082806
2022-05-17,6.122361621180964,0.12949235769883938
2022-05-18,4.311165164365795,0.07601841930625158
2022-05-19,3.298852523085532,0.047268538306484975
2022-05-20,2.650253252167992,0.028556769892944565
2022-05-21,5.578963503877351,0.11060186497521872
2022-05-22,5.987433363621262,0.13502093321224146
2022-05-23,4.901519236528383,0.09665106683375305
2022-05-24,3.605244411842584,0.05868297421317665
2022-05-25,2.7944982861003718,0.03539964336901444
2022-05-26,2.313223268660045,0.021977700372069617
2022-05-27,2.0263746967430176,0.014374151111488523
2022-05-28,1.845801079712346,0.009956150595109842
2022-05-29,1.726507276307123,0.007437414931041952
2022-05-30,1.6410342912268385,0.005989097883317394
2022-05-31,1.5742637262934358,0.005140904461860199
2022-06-01,1.5184407875218888,0.02340029260156643
2022-06-02,1.4688678830008288,0.02140460402100855
2022-06-03,1.423094098644333,0.015354043264126744
2022-06-04,1.379978069721099,0.010376094175430776
2022-06-05,1.338885191658582,0.00817225462160204
2022-06-06,1.3001333330476401,0.01107967515659218
2022-06-07,1.2611626128439242,0.007231993020566392
2022-06-08,1.2315249338869356,0.04254827304684431
2022-06-09,1.1901576290124332,0.02193290830589986
2022-06-10,1.1536846562466485,0.010901104819455896
2022-06-11,1.1189678886418954,0.006201231845498509
2022-06-12,1.0859579888627255,0.0042711619115735466
2022-06-13,1.053880073604695,0.0034545872485397195
2022-06-14,1.0230474423544371,0.003973565345093713
2022-06-15,0.992973107035563,0.0034145439012764857
2022-06-16,0.9638625802007257,0.00302334729208341
2022-06-17,0.9357186955995889,0.002781880387354818
2022-06-18,0.9081863141276052,0.002622365302571115
2022-06-19,0.8815752401498363,0.0025066852139850296
2022-06-20,0.8558799047655568,0.0024143630671677172
2022-06-21,0.8308403730331062,0.002452672005482438
2022-06-22,0.8065672016131042,0.002327816388754296
2022-06-23,0.7829716855680129,0.0022251550681194015
2022-06-24,0.7601678256592271,0.0021433451121943693
2022-06-25,0.7381252599537771,0.0020731811618739946
2022-06-26,0.7230250231656736,0.03298512745369053
2022-06-27,0.6986246788405723,0.020268394549207314
2022-06-28,0.6772576527360951,0.010780640805562961
2022-06-29,0.6754801082261743,0.09462775374668894
2022-06-30,0.6463520375683351,0.05815043742005652
2022-07-01,0.6296213036303756,0.02890437627072798
